2.6919999536544816	11.556796020976847	6.451253298444854	2.9442928466952254	.9388890099330922
.3901964529540889	.34691652748933155	.3048279728804236	-7.376169050364789	6.274087250139732
-2.8471327530534025	.12481284404246118	-4.783326700957435	4.081346095108572	-3.518361411202157
9.583725288586722	-2.3204107874326088	-1.8289355260561506	.8510001484072797	1.912824640847934
1.5017023799958924	-3.6743570485162467	-4.081642343339773	-.47036708583099873	-3.7491448770782303
11.49974194235909	-1.9262228670972066	-1.8801795170157802	1.3652064108816822	3.6919959529792536
.7192095735408668	13.720172605864956	-2.1303002842076584	5.033173112478001	7.5772568766132125
11.181712965097166	-3.7815828305956023	.8587435454886081	1.3364204426287054	-2.060674328027778
1.8591237007885852	4.016303687241644	-4.286272858232768	1.2329518793125562	7.813267215120246
8.362229874596443	-2.1317296133314843	1.074307182946844	.2010082327626963	.6145661329456876
-4.507839409704432	4.264481988055891	-3.4602042483226847	4.819018639885011	8.92770089589091
.5730942453736585	4.102326103455434	2.3800692315136383	-8.739276274299188	-2.124681977833197
.666509169219755	-2.580841557156945	1.9119901044003926	.7806787571726437	5.175566220311998
-1.9143060000239416	4.3696349326856945	2.3250683834488295	-.010992901918435716	2.5931378993846943
1.3886931843813095	-1.704975996608451	3.6960616247446465	9.478204894381655	4.576967263742985
-3.2577145453372527	.31555328231827384	2.7815786380916756	-.8363262006910308	-.3252669495989803
2.727988634416717	-.14141994358407883	-.296504545085531	-6.4253817631982875	4.21852161111037
3.57544711017664	-1.7740866147779704	-4.409626722497818	-11.091085252233185	-3.3702578076274867
3.975191048741057	-2.5496279826789956	-2.8174824917875823	-6.879557325175312	5.41725773133228
4.571514948265598	-1.410007186531364	-9.22786237362455	1.6997312994934486	-6.9530842195114415
6.996774228489514	-4.371124499375965	1.0757771824160947	1.8520528364756186	3.2487245488601535
1.1048038613460767	-4.973783099126941	-1.5579412903763226	-6.674779591028715	5.630614160835088
4.5063346072998405	-1.0740060442857344	-4.792903519529241	-3.1028204703173703	-3.206982546313808
-4.342542022223437	3.2508436512995225	-1.6689316426246317	-1.918843430377605	2.7651353994454455
-2.1586259212207013	-15.99613903971158	11.641997372711497	2.436143138956707	10.022218558090868
-1.9952843351564327	2.0184219755108925	3.5105817820490395	-.2000166288397478	1.2371452544522623
1.0569464272536766	-.8236077471555674	6.754246409153495	4.560468805860986	.7163514387001501
2.5188626560942504	-1.0950567563564115	1.589907690221125	-5.690218005961242	-.023940874417568203
-1.704901502310236	-1.081199591755922	-2.366623130361926	-4.810241900580515	-2.180744251897906
4.035441528683475	-2.480516392040097	-4.326522019551771	.16295535287198226	1.687739155971185
-5.149811989652594	-1.7283348465722996	-2.2462617675150556	-.6619696823885639	9.61434507061683
.7701487542433489	5.764359423948292	6.246516674590836	1.7813002172368786	5.532985261301519
2.789953420784551	-4.328910897469746	.6327784291805522	-6.963316593393962	.2454353742463118
2.2587136506007153	.6529876680296427	3.5951249660729574	17.46408384995535	2.2411651093769724
-1.4600582570504472	-2.861118616167082	1.3935697812803158	-.32389174956738875	1.333629154109429
1.4086997900778584	-.2879060889001135	-5.803213377930302	-5.4712291995003	5.352858313644074
-1.461000657666355	2.4295884536381394	2.969408961562267	2.6003191793942686	1.783444999319369
-1.1298171083510762	-.31745732961988415	3.353964894644035	16.39072866835393	-.07300189380551791
-2.7517788907954728	3.6857813029044113	3.0329902403698346	-3.701039535813274	4.0830094055412935
-1.3729715637852742	-.7038342018762931	2.4642362718146837	4.36811257186953	1.417461201021009
-1.9723634184418037	1.3327345027787363	2.262389662013938	-1.31887564295953	.5752642968780228
.18060159805158066	-3.2573750830734944	4.156976082179214	-.26003309444741785	.3762754814015177
1.3936887857860623	4.930193434529191	3.9922618502318654	-8.147924836279996	-.21348927639915183
-.44197145367386764	-2.57850843340156	1.596669339842163	8.842146718783004	-3.093144528306662
2.281563037577083	5.697180294111111	3.945935230139454	-8.25468692464016	-1.5751036340351814
-.27175236511328693	2.1688418039507384	1.5273810798642162	9.775181923216076	3.774698711562543
.7997008219666022	-5.3140706394749	9.84865424000932	1.8709722190443028	11.829363485819037
1.4796587210801821	2.108383488887483	4.394302131496046	-8.262479211865394	-1.586165875459488
-2.2578952450833887	-1.0982297861428603	-1.9531080755407082	-2.620340743176974	1.043429931797247
-1.9200850814728196	4.604822401389416	3.427824283995412	-4.026595601731804	3.474129823058097
-7.876621291806828	-27.913565737282262	-5.0499321158000985	-2.910599045924176	-5.166760828381911
-.25710704017266317	-11.616740975057304	6.672765879486949	4.327468434668344	8.684925903330331
-1.1027666121267619	3.235512231752107	4.004503186029675	-8.036545171536966	-1.1149783597549134
2.15874651055113	12.241340472096692	2.8024107660570206	2.262194588494986	8.085901383584353
-9.318949649971223	15.456002219162587	-1.9483099384426015	-2.5924935022047046	-1.851541833620996
.5855511380202156	-5.765157073608466	.6849365215802895	-5.82785144029075	4.3180035126628304
-.17915750681212828	-1.0459185126557695	3.108900813590397	-9.724770134100266	1.193563668395646
-.11395860415963854	.8555928704800417	-7.49499990440018	-.24143179378426316	-3.21197040354864
-1.2914374318412247	3.8789680308709134	2.508221066792201	-.18099199368187668	-2.538722001254631
4.759216892880105	.8291660468174781	-7.295628201985977	-3.4601180128328792	-7.082855943160094
-3.177220594668092	2.025637526000828	2.5856429049365217	-1.2317631014463317	.706956074967326
-1.6616595816817115	-1.566218724776702	4.1749569406044635	4.057877782546112	1.2033502841950057
-3.057707166987506	2.979445519147733	2.779365918023152	.4285330728208451	-.9689908444109909
-2.89194805746407	-4.115995503387889	2.7326123747467306	4.123648060219995	7.576460891890177
2.6600594571475034	3.817161828021106	2.9547696389025058	-10.106461152353772	-2.9276163319002113
-1.1930998869174056	-.7371088507275205	.10095688320638496	.3372854531068601	-1.7670806264188417
-2.368244354067306	1.0509330739903917	3.7031145971397823	-.08531296435619287	2.18254055832554
.6987968127693555	-.19598782191215047	.16462349312962887	-.46258483240781434	-.816924514720438
.40812568740125	-1.3577648250301548	3.913634921338251	-5.505252555587313	1.5888366016543074
1.4754882055512655	3.252813171201585	3.8017579231678016	-8.226632093355056	-.5896504736102824
-8.661259815221467	3.600033414520034	.13248606994315038	4.7645453463241445	6.579347122464612
-.17400362174948536	-4.829075330245942	4.291122201091211	1.9176801007687747	8.794715551956521
7.831509978505833	-1.5578996240624754	3.5906513804313387	2.7089017092292105	-1.7580799490454946
-6.938141832940142	-2.775366648973228	-.05566841009940102	2.5610453717641124	6.748807545451378
10.071189040784917	-1.8946425311662023	-4.9371433873471195	1.1115931649983681	2.418373466959663
2.292714450726538	8.042056833073511	-7.354221452158647	.6593565928610546	-2.9271249239347013
1.6016376522009403	-7.030171928175395	-.06273623307158285	-6.402379898101932	-1.9725256124716308
2.8110449689522747	-3.3931014737103498	-5.951835055750929	-3.9341423517541485	-5.4236851226078935
.563782485367371	-1.690068342530618	-1.39227329436134	-6.52880434758222	7.353544553010918
.568451177023978	-.9830545285532013	.4872379535948286	-8.728084337946175	5.059924535443243
2.181291953937228	2.2374281517193033	-4.795531359086764	6.959416591285516	-4.6548538718489745
3.718574336288036	-3.8925223492958714	-.2915219296782323	-9.760587873615991	-1.2993254475796236
.38582914868039553	-2.163359782619176	-3.1430375689778414	-4.476452697172033	-1.5677448714637987
-4.9225650625851936	-3.8774762930710027	1.6543019605746458	-5.019455674562554	.8429952754955536
2.853128288853503	2.916668468849613	4.763721099951869	-9.399384116247386	-.48478395482020253
-.10831907477594882	13.419299697829626	9.349264650301656	1.2779010486032385	.9928894112162494
-13.446008883639072	-8.961096527480946	-.13508707758250083	-.24798640254323256	-5.389837771137795
-2.142115506139829	3.30715872130466	3.0312812557476247	1.6976391625461893	-2.7249793637731896
2.3109829349620767	-.26720901815350717	3.1742179645125623	5.182108504742137	-1.6258443448242215
-2.2248723134921544	4.346416554407594	1.3957750102974338	2.917444122366395	-1.306702711339435
.8881064863162342	-2.600328551733401	.12537685789806832	-8.562506273516224	9.519334942026735
2.3474200196767363	.5120147789692899	-7.025803768231291	-4.259843921309588	-.052742599245054755
-1.8849555921043835	2.5290402638561535	1.7788484886669886	.6357466829721552	.5028232649585258
-1.7925883681758141	3.0293058204699115	1.791247351226213	-.013083865205230027	-.5768112850316589
1.8362334272978962	-7.071143216867068	4.534033976039579	12.891995924164448	1.84895632308859
.07226410836916825	-1.3492574740885614	5.054112860550774	6.43899759896211	.7725542707002988
-.10886576369057518	-1.7057538050648102	3.5498857886012996	11.704799459439354	-1.3262577476083077
3.1517367380881156	-4.3459398264865605	-.32405738809505014	-5.994413643481441	3.8093984486906995
1.9650832167650865	1.9901747671787402	-6.171294355559152	-2.8169303325403257	-3.964864628178876
-4.7103970133874515	-10.393580313792079	-2.0552795362541736	-3.1604627815442368	-4.867665812870649
-2.1821510445912486	4.522520610232348	-7.872429279078906	-1.112784497725598	-8.159102262242047
15.188620078490974	-1.5166014134359136	2.299702767608807	1.2163590106149247	.6433154373207002
-8.554019948610875	2.0694562314206295	-1.6030967530916307	7.488001189213188	3.7309162252789863
.8514211017259834	2.35933384553305	3.183506672831975	-8.510289348419962	-1.6090403502490027
-1.304251389789735	-.17717136931998745	3.5246141758322453	3.4831478310692416	-1.2660611755290159
-3.2883262284323442	3.2863514760460317	2.081527712591568	-3.990820453018148	-2.056445200071222
-2.1156041251593463	-.8376590512971351	3.1450051107848647	14.617183106356116	6.213943493218296
-1.529334384172318	3.10155767070738	2.4019575793221484	-3.2787225192639675	2.998775063584926
-7.415918392112912	-3.5607675372993786	-7.168427460129189	-5.258313453447022	-8.106692010915655
5.200007837283241	2.7293049366635094	-7.521890394685579	-4.448733502480226	-5.680462453063363
5.3881086249450405	-3.6933212301373723	-1.3954246773793708	-.08691777200230266	-.5637985177681922
10.153531994533088	-.7382273741939978	-3.7284098690093868	3.4727461437066642	4.030357108034714
-6.6396061592142415	1.5725980255821563	3.471484848779495	1.2921214326161707	8.801131210638033
5.815898570964354	-1.8036827104571116	1.0570627117913152	1.2917942787042982	-1.4753271620615527
5.260071475757783	-.9390297725816166	-8.043192479520382	.03548669855506459	-7.541078973981142
4.458708906176303	2.6007425946820044	-7.40405731413958	1.7926676106117752	-6.504097871668668
10.994766299221103	-2.0778140890327976	-1.584684495604075	1.436082505968452	-.5817737948423548
-.34507414142794257	4.450672997439449	-9.112421994098355	5.729623327427462	-4.336038014474905
-.03803906715631644	-4.991169449056863	-1.9531054744641703	-5.853220787689503	9.965366812646558
-1.2114978424732668	-3.458477541300119	-5.773230539980798	-1.721787289999354	-.4258286779612419
-1.8943454861898963	4.299526221835128	1.7764870465769267	1.469906808153998	1.9974002549581162
-3.1467494927044886	.11033800206162758	2.634877629848106	1.1423067509256215	-2.480609794278667
-8.347786971399298	-9.915833193237606	-4.0598893997728664	-3.7089199322145534	-3.9846047573800063
2.64594945555174	-1.685652788198194	-7.24147210103214	4.93449625064833	-4.2804327819169234
10.944870982159065	-2.8453650090351648	-3.1282042768910476	.9336816002770277	-.271070619667917
-2.881843893867686	1.4839679668704484	4.415279920475225	-.7210771336065678	-.3252084926002776
-2.5467377017700037	-5.298009185700218	3.5543612211669107	-5.350970015962573	2.1126346096675572
-1.628472888279822	1.3553018675352795	2.628090097355796	-1.6104632023391918	.021140455323435725
-12.531659664375592	-12.490547390992262	-.31876471567643794	-.22857311071967557	-3.3399200192969625
-2.0241234311947376	2.256675491283959	2.979699658327168	2.3734040883503953	-1.8245119824692153
-7.988050942167953	6.19845927894259	1.0764066901525777	-2.797632167103479	-3.829554049681511
.9335732596944789	10.266555896165203	8.062846106753778	-.871465858930685	-15.786696635227177
-4.245792295186147	-2.3329099002730294	-3.9833516201622636	-2.105486948176153	-3.696697015733071
5.810587328362226	5.117588510901761	-5.660792024570178	2.2850352188145924	-2.6391146106207564
12.688840853616188	-1.3843195854836288	-1.3280246356663326	1.8068034501441304	.3382496156463198
-3.002609006843286	1.3758097975517487	-6.7983678489818224	1.5806104585811238	.9399205036790477
2.354439242164437	-.024312373714778346	-.0025197548001719694	-8.246547713064613	2.8835009535623444
1.7813301445015581	-7.287737616922607	-1.1078121400222602	-6.536921252517859	4.336507815388449
3.021087407587814	.15965857238991477	-5.408406846163979	-4.071772511432866	-2.5651768329111744
-1.8308575611249478	-.8822129264977805	2.037335023173555	-2.21609022465912	1.9487766219126093
1.369046346331566	-1.5767025279083533	.3672420557500309	-7.652680356185128	1.7496381172041655
-.14130177723372883	-.008292476658118275	-6.166725758752246	1.0497922755345237	-6.182095441730183
-6.468031586202111	-8.782921065899778	-3.314986277648873	-5.437969126872801	-1.3474003435594177
.4986483756792853	16.136469583342787	9.836699545209092	1.5027476209210022	2.492696632938314
2.3355506463024738	6.559512346249948	4.341911445136207	-8.672516085964185	-3.2618868829538767
-2.36821485092875	-2.3480842948613208	3.0363239246824016	.8493388055159761	1.4880188090575648
-.9712681257062068	2.4987139195518977	2.512764067655687	-1.5997392750716368	.6034911457977679
2.421521509077532	-4.195186460427666	6.279529669576244	-.25384793906986847	3.622287445884556
-3.0402732100251066	2.6400347323546445	2.0746059426177825	-.2499777194369884	-2.667546754991445
-9.357796645318492	15.44264944860391	-1.4089192288787045	-4.996323538266616	-2.268748265377774
-2.240174902626192	.34908839951631676	-3.0558512081208153	-.20050849575666385	5.702847392663012
1.4424370377790303	5.8063665624123555	3.6219436480666065	-7.803394656043998	-1.3250462571365034
4.3625907950623795	-.2101296462106017	.8161381814637194	-5.952938858796644	4.716970330792168
1.197537860413215	-3.8855952889677705	1.5195530123006626	-7.700831974272833	7.4082014342567994
3.5747405015607807	.5981474156817836	-6.27638449161783	2.947845784730761	-3.726805455144258
2.661250488531101	-3.6877665477426476	1.6062725665153585	.34996980910102327	4.289371810977169
.2539358162704003	6.67009786401635	-7.918341754544507	-3.0243130545521955	-7.37070222024761
.4438912315048944	-.10140531510368778	1.1956019693934739	-7.581155049230368	1.3469200550617773
.40872908322906865	-1.3776630086539696	3.069617326355027	2.6416012958175097	-1.3180371486845939
-1.6626060928709907	-.22399435274109192	2.4752787282027913	-.07328845362843506	1.1494168213785991
-3.37229329487124	-.5534406291617773	5.104728763096634	-1.9265148309060087	2.1016670481926556
-.04549993532127061	-.20447989142349376	.8306014225361884	-7.732081337846061	6.9605596039038495
3.8651714025380843	-3.052886736735283	.4003069921167297	-8.290443012644772	5.432467172750202
3.9765044081682053	-1.1679695294394044	-4.10535816241754	3.2620143486887025	-4.900573215948539
2.258581302850729	-2.6499738863848687	-1.1805089250090466	-8.538510021798995	8.534904146806923
.7862585885511804	-.823871663554288	-5.397919292541884	.7760758567664615	-6.094903080068548
1.770133978424465	-3.421427470647844	-2.990452048863539	-8.702132287257323	1.9700431189728853
1.8481657102217366	1.1065483673403924	-.6434083049082416	-8.65588029612052	-.5084786090323563
3.0687885074623935	-2.5305756921304727	-2.692831836713398	-5.747434672930102	4.214200407141956
-1.1011143522393456	-3.486914478223443	.24090000641482923	.28522578664037823	-1.0098216420802517
-2.070100423401767	-1.1297970065930214	1.4907850717443443	-2.5184210172322206	1.0404710216593382
-3.480710927523352	.274695366237351	3.742900331637176	5.47038027325044	1.8394545833234313
.055589343006494873	7.3097560930901855	2.0372634318338827	-6.781982797572224	-1.2375352931200805
-3.20712494844113	-.5965812072114483	.8787353858202938	1.1065158702605609	.11103498346711049
-1.4163066461702503	1.129786183696715	2.535107421891752	-4.141586938083413	1.3144960720140662
-9.608624857630256	-19.343802655194963	-2.955608810659836	-2.114181172440715	-2.6687749850377758
-1.434694932400276	1.8338730932573086	1.085164631562332	-.10833410067664886	1.2657938855158446
1.3619990718608825	-1.2006986263982853	2.6488808380770372	8.702006705888309	-.6603565642553666
-2.2614605010672317	-2.72539350228715	3.5287782494269044	-2.3875956616298275	4.3684704624125565
-7.575443213731477	-.5190463638884371	-4.689525919750656	-3.496745677126575	-3.0031642715199363
.32389853617719155	5.150775060091958	-6.786386074696807	-2.7741275225335267	-4.983885196913295
7.338498721928048	-1.2539831884980008	.003699225549852969	2.6105971808102106	3.3593763687507328
1.9055020799657485	5.181189074046886	-7.2414907045450345	-5.182451658008748	-2.255860013921597
-2.0353172494227096	-3.5678804960280743	3.3265596579779775	-6.608914942751462	.22223707270820214
-2.7549308836688535	1.9872695008731551	.46440073366594525	-.12330014485557203	-.26028943629242485
-11.645737812684084	-8.36173381408325	-1.4510817261515074	-2.732371047633403	-5.619858012694813
-2.3722971014761285	.2239368100350072	2.479215673388439	-2.2379257947769418	1.4589152411630373
1.0798450575789493	-3.3138454521348555	-3.9233966476689757	-7.196043786842958	-.1639577355446904
5.067157379451419	.14096350248119555	-4.8651935943496865	-2.614238040749901	-5.0072501870763935
-2.6806279915473605	3.8369964216323904	2.1573712356694075	1.9063154679128145	1.395792025710791
-3.652638061476607	-2.2352971275747575	-2.3526963046467886	.4787238693012992	7.091713928920605
.979185128686267	1.4472016055986106	1.3328787775193938	-8.862094129154027	-4.112483604018169
-.5985937804961022	-6.294818231921171	3.7517842486254964	-4.9996430151336115	5.216343822629755
-1.9303689675085276	1.2786333641234462	1.5859261263352502	-.29004698574724447	.8170192623679549
-7.909281063039918	11.25445719567068	-4.44656100821203	-2.508212499511695	-7.116249676367571
-.5710781177042268	-2.746846458314854	1.0270655300184268	.2995802168433901	-3.6292441852178836
3.414707596045176	6.808291591503719	2.953315055198095	-9.332537055087748	-3.868698869731487
.7636096262975481	-1.967808469112152	3.3781286904701036	9.751812020387904	1.9062527276374497
1.1659697672821556	-.8771555128125592	-3.5110575435038953	-1.084080424141198	-2.3397422837163964
-2.295018699268945	.5293580286547568	1.3464322520602245	1.1352860905918614	1.8949673786981025
1.1466444955208113	-4.218328417586289	2.0161745599850276	7.639474438326866	1.045491867650187
-1.8382452777298095	1.534059627650718	3.4254392385722547	.32563955305622494	-2.26236445749623
1.5653214503629131	-2.435629957740749	-.2962749635981883	8.787622927726543	4.1411381138891885
-2.546619189792585	1.842743831668254	3.293037450766419	3.1873127233033633	.05071300786352814
-11.690424406227399	-12.034017778070558	2.7236985563713847	-1.0177179504347114	-5.601279155713412
4.416783716227951	4.691896492936731	-6.950964125746092	-.05315314149133166	-5.719565557844079
11.651074155065032	-1.278871900202208	-5.5639664266166875	1.383161448843162	1.1055949194354262
1.8009510963749797	-2.893923857497394	-8.126085818134388	-.01909438727023638	-4.180833953242869
11.082871719874404	-2.8366941785500583	-.3884608183669943	2.888927549946188	1.2551621573407994
-7.058575038006901	2.2170890964911996	1.345337172359001	-2.9449147486045457	5.872005289727259
2.6296659851435447	7.293268045585815	4.8963266965283445	-8.523301225288243	-.7231593619276045
2.214988985001015	-2.966428368493366	1.5896937973050793	3.5675400778292365	3.1092479161247084
2.833882427353151	-7.020384792676656	.9212170210419619	-8.189832164177847	7.8340009349708115
-4.226097260650379	2.470424443607367	1.0535565020752526	3.1274363959127784	5.280046553968931
2.0639958131534457	8.828149048233549	3.8289406632559118	-8.901482217848598	-2.9087511646395177
-2.9181252266467834	-1.2530379917832208	-3.2414175022434226	3.053649116303541	10.55659840275665
1.5422817303894125	3.503261861637792	2.799164029668836	-8.918836352115738	-.8981534065937683
-1.3348300309199144	-7.223852760839271	2.2364854022544294	2.7117144819377246	.0921327677295889
-1.7820526646335275	1.682137790735987	2.090691618299597	-1.1570781061834297	.5239332489739845
1.2508161515608638	-2.9046497179148063	-.05631402950195907	10.820273988553545	.7307937484935014
-2.3616176373897986	2.3252476871556516	3.9731331851838902	3.5207058920751066	.6636118985702273
-9.107530939934755	-2.7511235182937064	-1.4241116714009776	-1.036742067397528	-4.69711677488764
-3.505031820049869	3.5198383951850225	-.0784712302983217	-2.063427759872771	3.428550280730339
2.386514225451002	-4.682142490551751	-4.4738926436229525	1.78076117510152	-.248199948438538
7.155816089614717	-.9296539698772988	-.8575895189603757	1.4786371683117492	-.48771137957486965
-.1438713988423257	-4.7975832810851715	-3.7061513473969185	.6408584046053662	5.568465962088361
.7415734376089347	2.650393498595199	4.9256682068842395	-6.571765902788659	.5604137569351915
.3802565806713947	2.683680338385563	3.379251481997218	-8.280396219266155	-.8360418276184839
4.595819631792806	.8269573864018058	-3.151837947757515	-2.8052995769433564	1.2358805990682318
-1.2271263345164503	-1.3392054823724786	-1.6331931391507601	-7.273169086373697	9.76242345918692
1.4737516736100054	2.520156450297881	2.81885417240617	-7.72771573700008	-1.3518212094303352
2.0169735572872836	-4.374710656040454	3.0373781727339537	-1.204948144698779	.8765521115869938
-1.9738530056099295	2.882539515993794	2.5651391363468563	-3.089708548322113	-1.7652521153969543
1.2528597793165928	.07409644866589193	-.08249159965935071	14.208028287944952	.2718390553874448
-2.1569965529086734	2.6352501796598333	2.755027647734861	-4.11054321841663	-.3195401036856853
.9359951370002817	-1.2989216908849581	6.892420702016935	4.2890351633622625	-2.967259092981683
1.589656965287068	4.632907347034238	1.0678003208984093	-6.444279532008541	-.3147514116488479
-.6959918664737655	-1.1271035677914418	3.1522841321158763	.8671333690328593	.587188284668712
1.510163044630754	-4.435259846473045	2.0289258393331893	1.8802414027743453	-.32210223105145563
1.7266173339830078	-2.372173655816982	-.05323187685306682	-6.689209062899717	8.188638187377595
-2.432107803405911	-.19609892212475177	-6.073364864434962	-1.36380714679719	-3.9793572284425798
6.2272212338259685	-3.886785357436459	1.0147555241862016	2.5271895524831143	.3615913767805253
3.88104832617523	3.225816535892137	-4.3037623202736786	1.2910118614340416	-.06529592791418448
3.9609503279791918	-2.6272437170445087	-.5520293887967302	2.2664506593187888	2.0589291850283455
-.28478771895772725	.3612307668792709	2.7796825548134816	-.4392028413291067	-2.596143269109077
-1.7203711564942852	-.31352946136031123	2.7353616970701076	12.491030511245462	2.6970053566919248
3.191586198097996	5.018801404755268	2.259612558746467	-9.075521214510774	-.8784657930063839
.7202650456628548	3.4182424263679696	2.8906023094339197	.5586027243629603	3.547983829042435
-2.7937625360419953	-.018518141632314578	3.301646085165525	3.118820714687485	.35199088758941827
-.2228730292401074	-.6809999386631826	.630399828386264	4.398148544356907	3.519232514164008
-1.3133454431099858	.4604368609638285	3.18051472091822	-4.155123510341543	1.0341168841718504
-1.4675479254222967	.5913684814113531	4.527230582468391	-.47074379579094217	5.7537095039311215
-.3287234629940544	-5.115805142204822	3.538980895783533	10.781025851493784	.24858142853448473
.7750659922975526	-4.75754479472423	-.936543340958083	-6.359096081051311	1.0072991207240576
4.464903404711942	.0822030905682718	-1.5784778016284828	-7.025624675581628	5.482125186452487
1.1558830490366718	-1.8381585735350905	-7.907334080142576	-.36640528137778217	-6.924624020169188
10.385510750488963	-3.4875444376869242	-2.660610312914829	2.6972399118594406	.8033132346429022
1.1662123415000432	13.05574603309213	6.041514968720187	3.4240253271278602	11.48334191669346
2.682262368004407	6.63385205645306	3.6688621057815833	-6.5642630102766315	.8745176455640469
1.073841545348481	-.000486241805858878	.07854479650889612	1.775549460896063	2.6755836597833405
-3.112835800592147	-3.016143584210848	1.8403061790973292	12.683979543152754	1.5106587352520626
-2.9435321740077383	.7368565841192114	3.5593741027013825	.9381208533780556	-1.6457118258052035
.7948919761998449	-.20557530861629925	-2.2458888361954847	-4.954179266738765	4.380903043164166
.961863756727296	-4.314082943064798	-1.6332511276827875	-6.878348152192091	1.818794474383452
.3336724203693826	-.9406866318348572	2.8380015067579616	-8.421912882432396	4.665090549941609
-1.7971035850728487	2.728279584959009	4.9409058945222455	-.2916562838354446	-2.977578955747606
1.5562364506211257	3.4413478553932886	2.8699401082744522	-6.627386467609086	-1.1478211219193848
2.30285600304949	-3.2979535460380003	2.026695414137199	-7.700503829077014	-.5310065565717164
2.353532127252966	-.6950143039555567	-7.708736566506848	1.9495237194563781	-3.417194043613143
-2.2423374858957974	1.6626963989395702	3.6432015145713366	-1.7434506129078957	-2.243833117235104
4.515580089874776	1.2787875575755252	-5.518167959774611	-4.155688001618401	-.830038650328123
8.62111143246489	-2.7546801036450126	2.1032065597517633	2.0702504853577364	.8156707442330073
5.333749832592234	1.1887801821998716	-8.728191645030932	1.3417941444719252	-3.5370652482787195
-1.0969220878814374	4.1322588586617135	-6.377632062108307	3.0953627088495743	-4.426505965528414
1.2351513483300889	-2.37128627836238	-.7279803646370878	-9.06243411102969	3.9011523470906497
2.0955482750861036	-2.8742860754058643	-.5946814045122025	-9.04855169406715	5.793834866168314
3.026178368374094	.7317589916971768	-5.629461363329623	-.2861322861576534	-2.367680375768604
-2.26473511323881	-.36744422118626985	3.2660990184018046	1.7617411109243148	-1.2041105348103869
-5.237005915811544	-11.767530438430754	-5.539437667554177	-2.470820332926882	.15254480796104186
-.08664407553859133	-4.013808275166646	-2.183539095181106	-8.97210408479749	2.928990415376414
-.27287531777175783	-3.3072953005535064	3.603555934123439	1.7182509020150132	-1.9770024237246009
.2814360259694577	-2.437599548108164	-.6336294371204136	3.6367997360398374	10.999267116030886
2.0963540372226137	-2.837923954425761	-1.3542673106103367	-10.15253100983887	8.378243902793699
-.4267663584503485	-2.949565587868401	-6.03962684366128	7.024650465705703	-3.33272470102059
-1.83175673806561	-2.344087567320103	.7467377526898623	-2.7077945344351164	4.391652483301947
2.8497491593523225	-3.5411982625409344	-.48002692109889544	-7.311681578817381	9.55617002856125
-2.8729601322712406	-2.724103723095708	2.031163819322772	6.116310821593414	3.197310703790269
-2.702826842127618	2.698302371962051	3.816771724251461	1.836888672990609	1.930947034496506
-9.567688659113411	-4.230958441073759	-.9267496180229577	-2.4220590759406107	-3.1896846978968534
1.34621090260169	-6.5646543007182485	.48186675555435854	-7.009436267544128	-2.325775224194584
-2.1765163458423857	-4.409914412943814	.4335228431938418	25.266225095337845	3.968974710982072
-1.8955318646594237	3.3534910144887244	3.338053804748851	-2.0619558534320506	.4806016714751783
.25063004631213603	3.4295534080503756	4.159414000504843	-9.021714650953747	-1.8545821693070161
.9639830410655947	-.22725291506984258	3.029774935368166	1.6438933622157341	6.415306903042366
-2.3430626466957567	-.06945702156798261	3.535371810474007	4.070579697976166	1.5380996116478152
-6.408791731161684	-23.450149170798944	-1.6892699425107716	-4.286753061494148	-4.517314353410205
-2.005544993805241	2.920450112481154	3.82630638318179	1.4734879731812272	-.7785070090011252
.346347752054035	-3.9514799762088777	-5.366271518061866	-1.8662036723497666	-1.9878315493259977
2.68892809445451	6.140944096195044	-6.1780525438834815	-.6128198290055153	-7.126687591798581
-2.765008588369805	1.831399293505475	1.3649146583543204	-2.1468409002371356	3.2299398165583426
2.620205535773315	.8513450744718791	-1.0736807758966962	7.320635719566997	2.1084095919106844
2.4601702159242174	5.3130001222918235	2.946097185647092	-7.151060741581102	.14702091435825015
-8.87567725047909	1.2845063627076274	1.254074408036478	2.4064062618967497	3.7260277276017724
1.2516617911249128	3.9893618471321246	1.1870933231880187	-7.967492606510024	-2.014654371449198
2.052856413380839	-1.4070513792919699	1.488311497247452	-7.484490205061163	2.580326508981976
3.0167526119921413	4.134534476021738	-4.782619655705691	-3.8124817023422106	-3.6259817296261874
1.8340642605882596	1.1304281720485159	-.7515360198542771	4.58734562273464	5.123363414471196
1.3567993158676999	-.9837958512455738	.7443717959644622	-7.464520905707599	1.7012170602179775
1.5474824661954678	4.527631580991423	-9.078697595290281	-7.635297591868852	-3.5273392439370044
7.598121289595776	-1.6007892433631907	-4.007421444506057	.5285753069636546	1.3533539572541187
-3.328060497024342	1.4724478877361404	3.945945089722531	-.11471664443892005	2.403312809271103
.5015695573924445	1.2706087829800574	1.008193570585469	7.821288324658127	1.284481581096332
-3.849080315832319	2.3532672980687686	1.7279110921054097	.78765039292919	1.7320329374445078
-1.9098961390482423	-.3280846381163798	.5690469715920936	-5.490115949992345	5.439581548822109
1.0329207992978857	5.051407420526784	4.003089462498503	-9.234330001146049	-1.852483683513948
.21732034365389893	1.0614782086009482	1.9605092009153295	8.440227509722755	-.4112488014853861
1.3693258054687303	6.042665779108544	3.2751135274256726	-10.402681133066034	.014836884227326541
.9143076992424979	-4.694768661922623	1.3600558975086314	4.801808259364803	-2.9779971934630707
-2.784725390470781	3.221718567875406	.8107749880383917	1.076719240296429	.9409090722908401
2.476336749666676	-3.8543875229023863	1.0181346867637562	-7.94656580667619	11.190398374555762
-.7601645832419681	4.846816853594781	-8.354969226449628	-2.521304523319323	-4.026476568691333
-.2539535164299964	-2.672994387505446	1.445012179848705	-5.100867656977311	9.576473520725692
3.4004685324188677	3.6243883066606206	-9.189780580016595	5.970017558787977	-2.6178469444617707
2.680057473632697	4.291019912503482	-10.72425058595385	-11.057615069466829	-4.0364922340368565
6.767196359094771	-2.3013937159753763	-3.6074509124952465	.2943664854730461	.7235876979058313
.9436300660369494	1.6244638837283767	-6.228639367099146	.6991166717904739	-4.33957420271016
11.475357219059084	-3.8458747630726013	-3.54616818351786	2.355909986703929	2.325053365073659
3.5512927442793734	-9.545576059945157	7.599748370293474	5.795205804137583	4.52080784860862
-2.778010020830529	.49508253516632217	4.211896055510513	-1.874878444765067	.26629003557800435
-7.85005626205457	-8.764081611453815	-.6416725614543966	-1.268648359358882	-2.1618103800874837
-1.5059704448427516	3.567320543540125	3.6693425902678447	.42957021535205797	.7599307254872791
.45521283514356387	-2.51989345635391	.8070730788547746	.8459240967687682	-1.2730750460167823
.8655881988522355	5.253847169939047	3.5828626034868356	-7.6682524193348005	-.813880675572105
-1.0300358207664713	-3.195936374181153	.5283364303490927	22.366628663974996	1.9396389356711539
4.7885453176362685	-2.6632457305650012	2.25382793145716	-6.5178031512691765	7.8847714718126936
1.2709611909905498	-1.0796621090207623	8.742108989552285	2.232894544091896	8.957815199396471
-2.2605847412484303	.6802706826653651	4.154886521428466	1.0921591404151973	.8990034991276011
-6.5245816256926386	-5.046786415218238	-5.766414341852674	-1.0224796505433162	-3.6787147596948233
-2.6755870501602175	-1.4624397677143333	9.684480277678087	3.442146473332784	6.755663070817656
1.1447242605619015	5.426645983297207	3.972827930655221	-8.692054013187269	-.49777694281278617
-4.9693893314560835	-2.1761239427704835	-.7260351976328474	4.927705731137818	5.261704165255417
.31980756992511505	3.7845076982621304	3.187694197967975	-8.59422776569327	-2.307517540534004
-5.914574530291865	-2.3014706974919132	-5.212626469129801	-1.3961726044313472	5.42693731169177
2.3044143727217272	2.539728880544668	2.3768912417141133	-8.739234939176676	-.33715975041208646
4.334340484293564	-5.4374946217294	-.2877430265158347	-3.9252751282982303	7.145830616938865
3.7252113070713273	-3.540074458270996	-.3417551766896749	-7.560621552724978	7.353975647669726
-.6829214927054763	-2.720699847677151	3.392009280894617	-3.6856796073720846	3.9925109283524485
-3.0277870778397107	4.46992592189158	.9201845299145952	-1.4825401118960155	1.8443187159407857
.07259227609690458	-3.177185661421677	1.868950884749241	7.4832778899146675	2.023404235202917
1.1171546995912156	-5.5857847608455105	3.611813321431399	2.6545250372712017	14.996288349333145
4.56819841480872	-5.3059228754331205	.784636404996233	-5.831684999491885	-1.7696222616830628
2.681407640870965	1.7926907749233207	-5.947741633087314	-3.6197979286717707	-2.3141630620762754
-2.4967405413160217	6.073129740041289	2.813674128537464	.9959140158032913	.7870087986835477
-2.886087401293348	1.5852972735724546	2.8807931498624946	-1.050096992681317	2.7514025831109796
-.9191309986626912	-3.2797128868349446	.5890858841955292	-7.249436525913342	3.408014665455293
-.1348174449352979	3.1527359448618033	-6.871036977376556	6.6113673635779096	-2.9437475122794736
-3.5580354980747475	2.914350796063364	-6.94300532712219	-9.907122940901424	-5.521596934718875
10.041642293323642	-2.4582037953919533	-1.0663877025419701	1.3919600054370889	.45012298286788865
3.464326884079923	.47041455628153866	-7.007380161868564	-1.0237847576097194	-8.101969865310021
-1.813179296243324	.8835451916609349	2.120744087787826	-3.441811544680823	.1727542710453676
4.089661180732305	-1.0280387763723358	-8.503681004960466	-.9921784402191163	.3506848567378342
-3.4215395623824723	2.810874170834256	2.959479255064503	-3.692429048794184	-.35121145892058503
.34593111811514965	-4.698082092292129	-.8550690925222879	-10.011570713738044	1.5465248024053904
1.4892822780615729	.9826992209407868	-7.653865608182267	-.16285876159363782	-6.3101302424095405
11.879762123374306	-4.080773014965258	-3.5926978732488517	.43329315978807537	1.4556799312978033
-4.351837425417699	-1.2528049403256332	.14294678878068906	2.4453775171063046	6.221285354531181
7.344294668342772	-2.295392070276769	2.99279876875631	2.4150163007579195	.6189530579156012
2.2912506549258294	1.6648243440672923	-6.330363229123141	-6.872973492235769	-4.603454777894534
-9.489217813038646	13.00351291044562	-4.634525377753139	-3.3792604082274424	.10071221792268048
-.8654472665073678	1.0436824781860852	-7.533632597491282	-8.459274850402462	-4.946774681294714
10.752564010327193	-3.57533986415992	1.362040276740673	2.034953732469851	3.0725000878380215
2.0659925498730103	4.757371713308393	-7.706276109020351	-6.499783189838668	-8.037145871746926
11.072919425918586	-1.8553606489567405	3.0580730683277713	.871397535946763	.7036351667697449
1.0815762169597116	1.2585494651210998	-8.924252286711207	1.4601401087788561	-5.003857559439228
.23036118433244113	-7.1273205814961855	-1.130447535593521	-8.179826967143214	12.043441963816875
-.601792381785001	-3.877953903263417	-.2551822410828063	-6.137651952267494	7.080348967764821
6.790636347305425	-4.880017636934177	1.0995176834921694	1.2305264132724294	.5804701154666299
.658392613886029	4.772814675476075	-4.791515893174501	1.305104638125155	-4.642781604581122
2.157733898320209	-4.161838651535099	.3161954886547368	-5.806770758817088	3.5053118934800622
.5018931645861966	5.511357098437369	-10.397632723059782	.3783998277045654	-3.741471209767054
.4922189438994794	-1.8867815841093991	-8.355857453042425	-5.8881997375216235	-4.649050541947538
10.509013369603759	-3.094788703999156	1.3894337560907974	1.2999188561442259	-2.0079943689001643
-5.202258060109035	2.4105609410211457	1.9573185881236452	-6.244394714855229	11.040862550802432
3.2167127796075405	4.502800401506372	3.758289014696219	-8.244210072485469	-.8300265348133543
-.20239945139525214	-4.553999554635158	-.8243457567311832	6.215404137664002	3.1422108846884518
1.2713312808981239	3.532148358602664	2.670191882464462	-8.451320586233043	-2.5454079824476423
2.6938687361034406	.12227301363610321	-.3259525747277512	-7.093826615860551	2.3415347735442453
.19363696547686682	-5.2058438952035875	-1.1768474780637161	-3.6718572357538966	3.932700830994662
1.5411398964802359	-7.5891608749326664	1.0388313491455858	-7.945007332816313	7.291146967347318
6.690660908200318	1.4291740457646704	-6.278058234508139	-14.884402573081276	-5.20384699526829
.39855991312673333	3.2866987003808243	-8.351626372965239	-11.515956032358554	-4.440320073061447
9.400171463097752	-4.171721446692084	-2.182008342585808	2.0508745926464957	1.5090601638269316
-3.229252329578208	2.924292386192083	3.1677456346492288	2.5481635246843206	2.097680912556452
-1.147782552957134	6.588812544114511	1.970956261548241	-9.743793163227021	-1.4828488465092644
.0713958499115876	-1.4517054738237245	.7662187937552061	4.890880773345706	-1.779163707325833
-1.5968220327260603	1.001873790598059	3.866931728965845	2.969177238667691	-1.235333175193285
-.4098917710923692	-.721548426447087	.38994635403720146	.7589360058627719	4.343090095599552
-1.889258329640915	4.072602613185196	2.462089587768465	-.8596044001641223	.7371381929365203
1.7249087130203562	-4.005669341276697	-1.608312238926426	-3.0503904829876043	1.5317402452755187
9.522751336521234	-2.940039666160821	-.26332771898346774	1.4208970877138574	2.7079602169151658
-.08075460593997086	3.518629691084458	-8.571285927151958	-4.644123579231005	-3.8038774373750135
7.280302269927301	-2.7951141139876357	.8094647341959824	2.0271947144782247	2.597114203259574
1.3651075074591295	6.573819006514945	-9.29437549162163	1.3648615994141	-6.0095412976353035
1.7112422509009062	-8.074189870833463	-.5326166823770346	-6.71586858139601	9.183325495660267
2.6819859650948206	-2.526132277731966	2.0881652233242787	-8.31923834555634	3.3929457226111497
6.14271051011432	3.0944775284476926	-5.367330243440357	-2.4196062792899533	-2.49907839521886
-1.9147427666936372	2.241809039659896	4.425692727908602	.19334082529999952	2.532586477455311
-.6173657750768339	-1.669109013605467	-.17604670183720605	8.720030167422497	1.6213677830311781
-2.0773284733337274	1.8925056304496573	1.950505086806494	-4.6382637719196484	2.780584885792929
2.878559556356033	-.3102982688842032	-3.9238340373786076	-2.770192834955579	-1.2695031052488654
-2.039172038997729	2.2587019445676155	2.173775467720172	-2.9919542307100153	-2.5198568754312207
1.8581215355032774	-3.3525745406537	-1.251040858329526	-7.000874520912755	8.090782368293763
.7566096664760003	-5.531676186002793	-.0732873574612827	-7.306215744306985	3.483246112581595
3.236196744449542	.41721732525274513	-.5553971333316547	-5.4736037320649125	4.581342424089371
4.102297043478671	3.2093918380795774	-6.283052848231112	-.4488610835522411	-1.0917662968483381
-3.3113334632770295	-.4719424575949698	-.26584300873397343	7.2292739052467745	-.05339096803382315
9.50889958317617	-3.08151726264697	1.9060883663066046	2.3956111860091442	2.355501702408948
.18675018570030866	-3.041896934760861	-.026514149853373664	-8.299752243734806	6.657719225620307
.044503390021668254	1.1335359120771409	-6.02596764718524	.7153868282754793	-2.888981706743195
9.08604532324551	-2.1729344827566983	-.45051175855886194	-.13283677121064952	.021203814825582867
-9.43994520982573	2.2683493280768703	-1.8816969445686922	-1.3270696850718493	10.751866329976583
.6749515910783584	1.940784143352631	5.394778081856167	-8.700977480668103	-1.4917354495602402
1.3615710589692818	.17234727675937878	3.874581582681882	2.823137161951663	3.1985795606504106
-3.034846691611089	2.1473756071326457	3.10580306936865	-.5039550527387573	2.4426194753529282
-1.7528620106764161	.9004260477909867	1.4923089006980201	2.792008505956766	2.648913770311178
1.70559517497219	1.6437099710699101	1.9584737033169477	-8.861497836436534	-1.034305545256321
-2.017332015501271	-1.4827581778454744	2.4191785045789205	-6.0507137892252985	6.644030748198977
.38305593724826537	.5609604246431603	4.9587731482700805	-9.465388480805151	-.5844013056217102
.6259822524338213	-3.0897484834376496	4.520183984325154	6.59183157026812	2.9520309312357638
-2.502473941869152	2.7901940183729605	3.6937740555469185	-2.976781681041178	-.8512984253023312
-.725793178951011	-.6007769903809252	1.545148936944257	10.247062861145778	.0565443592031849
-1.9311151058360128	2.685823891175459	3.0218306652394955	1.7610145767118617	2.1954155314480093
3.590150068918028	-2.7571791730971364	.32942399900675745	-9.594520402326635	-.5981876307624754
.9463934500601994	-.0329906186173905	.1717201994456922	-8.93365227779918	3.3244276118013536
2.181908049704873	-1.743054171282642	-.10890161921249693	-5.265397865829029	1.7262818354459228
1.291693467568866	3.302994444063665	-6.684543309195234	-3.3616295421771167	-4.819332879833641
-2.027399337721069	4.255608556875717	1.0878043666565425	-1.1113279083581191	-1.9955573931093131
-11.236522815062477	-3.341483476004906	-2.347992951098367	-2.8074569249423633	-3.2060057755148366
-2.6127448779692175	-2.1123785234908468	-6.4274161023627	-3.102739753761511	-5.149468172495972
-6.877067711377608	-6.7880040130742625	-2.6028324624274735	-2.450730185500778	-4.3547194808209255
2.084254086102848	-7.568684242422714	6.647865329683699	4.245878382380145	1.465073383934406
4.702493831093451	-5.898026253387254	1.4022031196564366	-5.770293752097226	6.910617575280759
4.879193925922454	-4.736703454429858	-6.956682399131974	-2.185838860165758	-6.8068757097328
-.06404778951710921	5.064287127504644	.8074022958640885	1.7510571505577515	-1.5241551149580648
1.8311586584535584	2.4853167537590792	2.9529573022019386	-8.030970216851939	-2.4567756564201595
-1.2585950113401985	16.382047181005678	6.744570441599192	3.136243929676083	-6.3194287531777364
5.522447006315181	-1.2309938818317132	-3.0041940935337994	1.929404351333572	.12474035455004384
.6487884792240783	1.035314264573727	-4.940751645395635	1.4123308188020127	-3.1796723181167135
-1.6677945287978937	2.827226853143525	2.3169245796114404	-2.337514735661497	.5576845313683104
.5768383959093117	-.3588886667970401	.8746014241136393	3.49635094185403	1.1261512228769541
-3.1166065875848994	5.4384212087244626	2.8493746321140594	2.2351053562109913	1.945946384038204
.7765555889046518	-1.7705410795853043	1.8339950410673036	9.954250170126116	5.855977264217668
-3.296577763397858	.2605534795286044	2.691921950645746	.4360884803677634	-2.148787173145444
.4123451293134899	.017311701784018363	-6.268771870385775	-4.26859582719296	-4.007339998317255
-8.605050105201123	-.5256500137342117	-4.6431420622687645	-.9902914833408267	-6.7954765746837245
2.0909175760990424	-13.047252031419461	-3.846483479307137	3.7816018987484297	8.672732859568331
1.6887160542250874	2.816168019000603	2.2336172064963	-9.420521269218384	-3.366845971830938
-1.440738907522627	-1.608933084056944	2.723616280063246	3.1232664841640387	.7911349175153792
-2.1732174505019395	3.6534632445598554	2.763450494973082	.030065671421035334	.2864852157602728
-5.278815002980867	-5.415492285823556	-2.8214032578245436	-1.8668098713444896	-5.165044701672664
1.4682180388930317	-2.182773937755463	-1.8531586911141804	-7.728149124143693	10.155388596566908
2.450809598275224	.035555486939951475	-9.07471439459237	7.851151007475533	-2.3464647462190835
1.492207382275223	-6.344885860921183	-1.9210857275116395	-5.26200840720638	11.979896399209109
-1.3954711756484905	-3.169207744972336	-4.636671464854544	-2.614318007929376	-1.4534293335988622
-11.801301264640017	-8.354850790313645	-4.697238433029046	-2.880910142821173	-5.693944340609821
-2.8738628568651228	3.6345677709726	2.0574328621885027	-2.701339812913387	-1.092224414678955
-1.23026232720079	-.3549442465696788	4.453405436294963	10.581167443737154	5.175579145814735
-1.7151255566292116	3.1732316195462884	2.906709841408846	3.73637832654544	1.9514129341133115
-8.11609932960757	-20.54995384921454	-2.832415215706234	-4.097233070550462	-.8613528054314061
-1.8112905327657467	2.233711765064599	2.617785305758886	.8591276625558337	3.3504139344489055
.3671698055086145	-1.3013800947290823	.8841093532587139	12.780125088437153	.6774130801700918
-2.2110097543685994	.10946666741398237	2.227056956502116	-.4574678258387429	.6780942604916058
-.876867270245975	-2.473618296536159	2.7049355328522893	1.8347241781779386	1.0722215202623437
-2.429505602166012	1.9574400014431557	3.71334957277849	-2.1291465952350856	1.1381750618906106
-.03465546338703917	-.4513873305138889	2.418640106621957	4.033895492314621	8.922372488107987
2.1244194991485044	2.9735286627869493	3.374523085617252	-8.120327792692107	-4.014267170537006
1.3854423803615419	-1.3253111943602618	3.2186038055459183	-1.7778812388630225	1.1386155268234552
2.489843350509206	4.222787190313906	3.566878125243794	-8.488407380224496	-.39306020300772904
-2.916892281320718	-1.6191222708267061	.529208933405096	-3.2430356022552287	3.898396294342578
-1.5295934919586207	.15922096511574546	4.424199204087316	.527196489096659	-.45770881631599125
-.804432295312738	-.5466733559297112	2.93143240682847	8.752299886948451	.46373170727981794
.90283270482345	.4592744945717482	2.357877522039252	-8.791972400086218	.7633952821416041
.963969299706645	-1.583485231167297	.7400099963914869	-6.955555245148805	4.401372865735578
-2.2398486580957093	.6139802224894528	-6.197813285728126	1.8008810061134564	-6.860962355904669
5.326376474670539	-3.2794363442862613	1.3554278594705018	.006065066674181052	.17245224575460527
-7.054188314089112	.6215839674037278	7.404677018936502	-1.157491066507911	3.4334121123218577
.729700508721732	2.0123154152415115	4.621872940282596	-9.456276584020337	-1.6428639443463666
.4913742647705335	1.5127660745574119	-1.4363712128078403	2.5811528014651683	8.120777702037866
9.270475462438897	-3.2271966758493953	-.3303140349429623	1.251283587752292	.4324173821215853
-1.0210679412254757	2.7956837261546363	1.6798791283786638	4.8264683410351505	-1.5088694730808212
3.5002031411003314	-2.061051406887253	-5.20019046021777	-4.596728294371946	-7.007295617592897
-3.6696414038275886	-.6703942486433474	.6856405973975559	.606302195495321	1.5174646503841986
-6.911637340498347	8.92291601309921	-2.75797249883745	-2.8865344029813778	-.5527717233151339
-2.04083459769684	.39074796436276427	2.090763048181406	-3.1816410434127103	-.46763310191951446
1.0697502898772813	4.428993567708313	3.633532141952006	-8.470701203283651	-3.554209302100851
-.25187153872501794	-1.5824820158389792	3.3201032986465533	-2.912668888174741	4.240738804387709
-1.4726865451352493	-.24868923123836262	2.5661546354388176	1.6885315062587765	1.1909837590652426
-6.800969081073529	6.865164413766436	-2.3160634162295612	-1.5400783171704429	-1.8803949370765198
.6243966546202839	-1.2286683492361234	-5.495216387144419	4.135213328306922	-6.455981172402446
7.516870894819638	-.9863799325797964	.4701905461250147	.8571345597531164	-.6211818409096675
-3.8093299004624837	2.972070716985719	1.326558387845146	-5.213815726588068	5.575084819739472
1.890484089056423	3.742702274764095	2.409555401709984	-7.238740139317624	-1.1526073864234085
-.59152004846409	.8266365207004385	4.562122187607242	4.463521793077221	-1.2418732368641963
1.1214397112969712	3.717736069136035	2.308531255057514	-7.595352300716514	-.7319026167557621
-.08706274493442404	-3.4664088941163493	2.231255482758296	12.720774494493067	-.43196524453705787
-2.752289719479143	1.3968767078488267	3.9208045112455467	-2.016016691492881	1.1502544328171838
-2.7594294766928087	-1.0321203648504176	-.8124292919882317	3.247739647425029	.16221260652010883
1.7212763061363319	4.947969257663318	2.8784477674502504	-9.211167087657795	-1.890856379008843
.558606213543176	-5.307033559253263	.8343064704866503	-9.614489316405395	2.962194003640976
-.9795794966023581	1.1654685204990765	-5.35384683458715	-2.135837948002943	-4.663393098566206
5.221695426888687	-4.2083015220735716	.690149252390265	.9738846780632766	2.305248180972179
1.2486678479988664	.26471819630275006	1.256397915865435	-.8585980445459294	6.2807163876193055
5.143400743676756	-1.0207167995626698	1.241803894799144	.6019275200702033	1.557318341965806
-6.452417058679395	.361163444078477	.842581862286319	7.037313487456359	.31911123222879123
1.0614645139617573	.7812574115694608	3.3786340955666114	-8.661253275400018	-2.6765497263454003
3.616938740252997	-1.3182015151411437	-.7581629974778226	-6.981557392051354	6.1513014287605445
-.02385477108726075	1.0742175593665557	-4.605696612756725	1.0438437345752343	-5.5214284178886945
-2.8095189558093283	-1.7668512840499007	3.740361871271361	1.1936785709143047	2.8499369527904737
-.22248604474646028	-3.1403375140817005	2.1950631300630836	-3.176214041778434	6.01530822788357
-3.2206192687305317	2.4694590012067152	2.908745769265588	-.3662769333246109	2.4663259849071313
-2.1892878804161082	-2.1073678726548235	.8180775133231497	-1.8282108049848897	.28523241225565465
-2.1203279475667944	3.2460643953778066	4.373074182687402	.7553286759552893	2.5755626882241254
.16609523572702733	-1.9146862359744448	1.0313365922669673	-8.058084209264724	.7173530244427546
4.376795201792817	4.597948565229979	-7.359468017189981	3.1447599590849524	-5.0320823390385385
8.455889157822481	-3.20955627697814	-1.1758657340678544	2.7828011516333095	.8360619657891407
1.7231185585403412	3.9441742796939074	-7.668213272688086	1.1646728419247934	-3.755584579679012
-.9240204721461969	-3.003150969499319	-2.046129218292282	-6.064154919859821	9.28855441044811
-4.968116204901957	2.1524141973293225	-6.051360566281453	2.7609405738387154	-5.40641839360417
-7.6340458844254035	.48168562710970964	-4.322114659800932	-5.556417727093013	-3.794246014916777
-2.99020881020272	.8887890568972743	.3987043232348273	-.10564406168925475	-1.1258781816088816
-.9988213555644987	1.070324027993395	3.419628845810985	-2.3755928344955253	4.2043877208187155
-2.24167496102898	-1.071277533756868	2.938989962175058	2.156956806996442	-.16039635641333522
-7.43284374342786	-20.200170859824027	-2.1435762634680735	-2.150359886022009	-4.147296322197784
2.3158359310931056	-2.0129525533134682	-6.827088803376493	-5.8157774048951145	-5.878862711244994
1.41665978751284	-4.370113183137819	-.061154260909228375	-8.023572617032126	.8290772714371317
.6841929738428285	1.818276459787238	-4.028848611269062	-4.784715055896199	-.7062013825279831
-1.6307502207117592	1.0756271678575613	3.0425206345626408	-1.1072290659207553	5.1481742457692565
.7277932344842846	3.9705828730345485	3.249438908880798	-8.838047827357427	-2.7521597237460824
5.346781093587097	.19951151411365675	-1.150633979689374	-8.821734554706687	4.459788085501029
3.411207411909188	1.9648334999944348	-6.670142151434489	.40237136540238494	-4.910629940972283
11.197328875509115	-3.3705420086876883	.8946752435103187	.7818954472205925	1.411170493318005
.5385642966316366	4.963591738016585	-7.67467478454989	.7342455052561566	-6.436645677763641
7.144918451769666	-1.473095661692906	1.0486039408243377	1.1165006153998125	.6455552007632033
2.696078464058216	-1.322387983482726	-7.103496169706039	-.8703513940684414	-3.65285794285078
2.962884723636374	2.03666762509695	-5.433433178622242	-4.8622119203287095	-2.6842764403032646
1.7987256684274056	.5064091369103247	-6.519277869244224	-6.241514983750382	-3.5768909609108928
8.053221022838713	-.9439418851394912	-6.442045378809065	1.9091006783521425	-6.704901248632413
1.394020870389384	-3.0758644358451677	-.45807906192694325	-8.187892795679998	.8190168557558883
2.2577423559481717	-5.596092831415979	1.3990508087368252	-6.430147914309567	5.5577940153222265
.027229158669663134	5.890313065680383	-5.57807892309174	8.395167907778525	-8.532283134801173
-12.589964695867438	-13.149199539223927	-3.029606352646128	.3707628044795874	-8.264142805319988
-2.391157125108727	-.7523294706713777	3.4096785899215063	-2.513309050386191	1.5305132841851463
1.0868821644862388	-3.2451811159570654	1.499031688770701	-.44923986074320243	1.3724859130144362
-2.1930203596796165	3.70950857440537	2.038556068646477	-1.11242220802438	-2.8159133447091866
2.0771045434617834	-1.7198661925815106	-.2617141383777945	-3.887091328373148	6.296983429269968
-5.592849163973973	2.4000435389405927	-3.893459610984648	-1.5393961788541395	12.159059306183355
1.5664924479634674	3.6994897111081846	6.589113059380094	-9.665048341200333	-1.003010930553218
1.743761281880517	-6.168772883400342	.590735950467841	-7.676118968648631	.07736516638152313
1.6793975405435242	3.608360162397481	-5.54084902961843	-2.048923867658606	-3.0194061601800124
-7.057343413069619	.23359525011131743	-1.450460643737997	.7964901057561442	5.449832125996812
2.7455280236990527	2.2979337697930795	2.1846814411182107	-8.887876512355719	-.9058454096615873
.6760839262667754	-1.5693794058644372	.20090678861749445	1.6424148243616354	-2.1025102286639714
2.8876007720568015	-1.4449058102714445	3.866042685752188	-8.294965907684798	-1.7604363771044833
-.6016916336687693	-5.098269223264612	3.2742036676968524	11.14185596181871	3.6303466158642714
-1.873167129117757	1.41884525430754	4.7753332905663575	-1.3207560034138923	.3468966005636692
-.04562799173022971	-.8754598325482426	1.626833813639021	-5.571011502775863	3.8652824822099694
-1.6042268262276873	-6.553268982348014	-.6811616975529295	-9.544451034469654	-2.3178517893645623
3.4204046271019446	2.647618940188151	-7.44273133688903	.6685025639430427	-3.782024414173068
2.41868930268921	.28144367878378596	1.2093265918302933	-7.686356895246447	4.821571678547006
-.3243936472199107	1.0557315999198558	-7.541643008631603	-5.16923717702039	-4.472580921669582
-2.759976734563787	-.7650665663226268	2.2695219959858717	-4.485675269174715	-.06570407099417785
-2.9963879951080723	-2.8625382519003146	3.429687952119118	9.641704276349753	-.7234557521795133
-1.9856526872207723	.5511547549081428	2.0579907195668254	-.38476169686709494	-.7565088819888715
-11.951901435382718	9.517212397444874	-1.6631990748512337	-1.8932762261645002	-2.795934554769228
-1.3813712054036817	-.6902333256142181	.7442724392268232	-1.3834963701857432	1.5104789780228658
1.427874981633877	-2.469214489151261	2.710940034904448	2.3760640047710004	2.5040075928954524
-2.883715680471365	-.31507093572034717	3.122336792373576	-1.4070696415178807	-.5301064739360253
1.0244525232892032	-.46165829450347284	5.311070854186113	2.666682671141361	-1.1308716794147187
-1.7826451337992715	3.057888814521241	3.080978514512794	-.020814544061445478	.03013484696362509
1.2481321247400705	4.507420914807452	2.941010982356777	-8.090049605574864	-.8421033988153123
-2.6200672123017674	-5.744287647370589	.052224136958927136	14.444511808080385	-1.1915768957590376
.29583770472001736	2.9020705429442026	1.7208940123558423	-8.374817624652895	-2.144368026747233
1.3013570543929966	4.4840821820987955	3.399588929881322	-9.185709584754614	-1.749354058985261
.43954538190636505	3.998013446935103	.4805051860242846	5.661217376082796	5.977814169043124
1.2605394030344108	6.14327507791476	3.7544668126773284	-8.794939839764938	-4.243846072780519
.8121822238811922	3.890446354241389	2.2595128318192157	-6.942635562783945	-1.670376451917537
-6.35930735703827	.5032498330040767	-4.160619328968385	4.454076905668709	1.7685429502698886
13.825326932328078	-1.7444136229728016	-2.2833566194527717	1.0526236827942954	1.584785707466191
-2.357982924431097	1.7923777165273818	1.9496907200849938	-1.5837997524438416	.8088111585581385
.708626974468413	-.6508774751430655	2.3840651507614443	5.573822730497546	-.7387455394979838
2.0746515717023115	1.2486207099164353	3.8464988334957964	-9.434976196433134	-1.0410520955941245
12.776819779182853	-5.840711258016496	-.3027355199799502	2.298573960491626	1.231959841931305
2.3099064437310544	-4.714582290924156	-1.021547336739471	-6.002518097219527	-.008685777246752124
-3.4096589667455537	2.6191953866191393	-6.22750567027848	-8.021584568010722	-2.838687441287474
-.21735594545081227	-1.0069025732075976	1.273915092425998	-7.141743301890014	2.1217735163746223
2.0994963453940843	-2.6154922537359875	-8.913850338374518	-4.6434858705294655	-4.006039934137537
-2.3869257799466994	3.021589439760624	2.7282861587514478	2.8757797282354307	.7717906665672611
4.3208290722649245	-1.6273141119440582	-1.7604697280041879	-5.548278531741575	4.32478465125898
-2.2069536644370373	-4.328443716641042	-.5162612162578779	9.199173009650227	4.452437535653457
-3.091545445568566	.879037460361524	2.9039760424571366	-2.356286514393787	-3.263229076747286
-9.125039917274758	-1.3890949593235975	-1.1718469491160342	-5.053659290008526	-3.304456576773997
1.4692389069568679	4.205675062456664	-6.39609165008214	-1.7799836703446172	-6.675854947195808
3.1189977536130864	-2.617392748987396	-1.4812157114045932	-8.668590548700484	3.9204283883209246
-.3336238156770326	4.106797663796815	-7.068737165019351	1.0245865161524907	-6.452756056774964
1.7957440666293278	-5.815657053037389	-.5400196563991916	-5.881714506895468	6.047853657928142
.9629569164539322	6.62377501417247	-9.340374600234387	-8.82238271394328	-6.359673321227733
9.660291890984182	-1.7181952870904758	-1.1750606891896518	1.6326072529530025	.7477271209209858
-2.645846114985101	1.0009065808117612	2.080317675522538	-.6915101367335922	.05011228610561025
-11.36728830508191	14.92619557796108	-1.4672171001786785	-.48876745416201706	-2.107907320956266
-2.0607461210554567	2.460564300768148	3.7641104997660992	-.5745168049270222	-.024575261816794702
.9500498564064354	.19528767053720086	1.0805687729917137	-3.020264129443583	7.384642283141721
-3.2228855817337134	2.338924838421078	3.021387928646442	-1.8009517162937632	-2.0937724042996795
.6161397619683644	2.3340909590707124	-5.574089179380807	-2.0526897924930694	-4.094908029699752
-1.7996394303618235	1.0796416124320234	2.8942005745306427	-.39823632113157686	-1.3356405435696228
-5.7664309819679715	-.25205777009186026	-2.775131354878026	-2.8389058959134683	-5.448136282813628
-.09188845978401505	.7767471885216848	3.5673652418756294	3.7280172517056207	1.3630331655849415
-2.542172645937665	3.656292330493565	3.5726429706700924	1.5591823104508167	-1.9654852747131895
.6921514495753915	-4.65398899645454	3.4375902411167605	-7.563546264022733	3.9952163841087964
.7656732363400485	1.5331746205681718	-7.813868801874784	-2.3403626225582683	-5.276963845116313
3.2366676201061333	-4.2899896175474845	-.31078668479324256	-7.762534743496402	.6775976862047659
1.8771686520077266	.4086026338739974	-5.142477728311837	.8921515741328103	-5.346137603304645
4.720780135895511	-3.6098217842254274	-1.257941773018162	-5.735841448823345	3.8893215029995156
11.895159188766758	-2.9204990833850157	1.4451523253388376	1.7536130560608905	1.3855840067843996
1.5984219036883092	-.9252318845806726	-7.33890762786738	.25835596045656395	-2.5134677636161626
-1.8179869832280873	4.381664665768304	2.819477763590582	-3.2520343869991715	3.307702038573783
1.0867461157541727	-6.780813662609177	-.12252383334220547	-5.979258804238783	4.143805685041506
3.555977460516465	-1.0776154086101313	-.8411646428121801	-7.902754109903842	.9164899184777342
-2.241975848417585	1.7446719919351912	6.082929364564034	6.74702759227408	3.557842177070798
9.842910064180074	-1.3168157993442056	-1.284060975143186	2.7958971986490813	1.9735069279146704
3.620908646203027	2.042524117279116	-5.213679358284637	-1.9161263015695364	.08668490472892021
-.4283884599440002	5.680936227881073	2.6602124784695618	-1.8254163501316525	-.4004628412331319
4.01207672654486	1.6575563813369614	-2.9993522912677992	2.388627584201699	-1.4121284117258228
-3.5384783954903845	4.348346044937257	.9886066675978933	.5170288128845943	11.464487483423046
3.6313676323369872	5.444307179277249	1.8534512896079869	-8.384075815731748	-.9223885512368454
-3.492489217150747	1.2415045126909856	1.4600007838041855	9.229804547482612	-.5411347631173138
-2.3473655798070223	3.5373376522072197	3.5488017175732542	1.7438983989404857	.7097721086852277
2.276335601180154	-3.207544312280201	.9881911571780171	-.24700218326790147	9.026782629363277
-2.080979726173102	2.2873300565476917	2.5821846423268258	1.2463618746866658	-1.9371822067546824
1.2376557894172868	-1.756627679490028	-1.0159597436085854	-2.3766614902865575	-.27866112776879626
-2.0251874967131447	-.5740685146787443	2.9056710375025823	2.521953508172194	-.3923366936177236
-6.631400478851586	-1.5018889565530458	-4.546752012175658	-2.207234288940147	-1.8560165406777425
.9411451403646349	-1.8587336482319379	2.541553042293384	4.306323543907217	1.4579346128814896
-1.2353011326754773	-.3220551755559897	3.76893695553262	1.936496465911067	.44157719616104285
2.40960397865238	.4183984582170466	-3.485286183740064	-3.0607352371280925	2.180043816873122
-2.3601048014593506	1.42255661558664	1.1229776490392158	-3.823610401136247	-.8811084736310646
-.3700503367922085	-5.710803677277003	4.65872901321468	2.542872251542227	2.078172142802268
3.170325309339302	7.862574652359571	4.32158876710294	-9.403201470715697	-.404880041544307
-5.8818162692375555	1.6384163382117505	-2.2838438252839555	3.8830069917249235	4.028692805425937
2.128211007216393	6.096498671872126	2.390558652756779	-9.355333027447408	-.7992510017428669
.882737933215905	-1.1548233783034576	2.4729927779705116	12.704616633304848	1.0074632823874072
-2.684636124843432	.6996449360781267	3.6165327912238174	-2.1134014618150667	2.505814577373414
-1.127738862804657	-2.6118299267940435	3.9043659943328612	-.37303274528906893	4.266920390226272
1.9299720554901627	3.778783384796846	3.7671589845420708	-7.498177913438719	-1.689329836538386
1.2760886330587369	-5.300981249082856	-1.056195188303578	-7.374753952430062	9.064410278266863
-3.6988059159109086	3.3387597865490486	.08396067359491671	-1.8008075619368644	7.311810646175088
.0904284279603631	2.4442955001643023	5.2982552869533315	-7.262153299648457	-4.466110196149505
-.9648048252284327	-1.4701598004735956	2.9105512645660934	7.2720477903637715	1.3539053137042045
-1.3022639047855684	.1844513548849891	3.2227560413817895	-2.82410593415257	-1.3208463347841783
.14195712475078825	6.304749212616344	3.393489728613534	-8.259449293729702	-1.3851316929746762
1.3225667675306143	-1.2010736653267353	2.217617501652235	8.157951173739022	3.039078190282121
-2.803094887070074	.9668168211860844	2.2720566697726143	2.1810645669358064	.19043379214451006
.03714359490554759	-2.0434251831573467	3.361314451460331	10.18902598675013	3.334677238133684
2.8176659436946663	13.75281390278067	-.7699465354833173	2.089712662307812	-3.4944696898773335
2.5702693148379687	-4.935410027996191	-1.0755750555583201	-6.41675639529308	7.101149331774212
4.248750437431497	-.8122829489638663	-3.5023417607781813	-3.592612784475573	-7.462598269447291
-3.388890961804523	1.5519190152801312	2.0223067826362717	1.1891943529881552	.434522381539527
-.06595408933570646	.919107044594594	-5.7504641239592384	-8.314512164727834	-2.578619864804085
-2.551715173578112	1.649412206108072	1.6051047920573767	-1.0712307303856399	-.3251637944857484
.6026812330594339	-2.2769781811669776	1.2777046290910037	4.476092705260327	5.632087119590941
-3.1626348796568227	3.463786937846539	2.9000673356291258	.7608746865818592	-3.634347736777949
.08453516020501994	-4.730587316747511	-.8843205498795469	-6.370051083858255	3.3688093274757227
-4.712540755252817	3.131690043035361	1.3587494326624	3.7445821200761937	3.284937915626114
2.294704435906848	5.662245754248687	5.7122144162357955	2.8012445277164413	2.2052749963811094
-2.449541652158203	3.9951116623762104	.9762772099027466	.2879210228303404	-1.5031214230111734
1.2020109034935813	.2560344076442602	2.99337252030203	10.619301618974367	1.9667495550981964
.9781157832526749	3.9583787617973267	5.044189857769622	-9.013550926697267	-.8294922833621738
1.761506927564012	-.7324856522929069	2.541731812105609	-1.3584153855732621	2.629460856659555
-2.3788117493796426	4.904917175114079	2.4921863574395826	-1.9288892993850946	-1.4245178336186362
4.822099370275083	-.6993847894729659	1.2430426786570474	-4.285711676517389	5.546772451928717
2.2444513687340493	-4.581919215995917	-1.440061206298693	-9.541415748403038	.4231010592199551
4.466009053302851	3.067063947451714	-6.537348831149297	-3.263964945071727	-4.136199142477306
6.281068163559221	-1.4822371222464183	-1.3467854527555205	2.4874037870715737	-2.895894590862368
.13386982692205995	2.8109429689294627	-1.5581016071322087	-6.412655513041328	5.6773479638765165
9.009508278806832	-4.300638135004947	-.23423300951058507	1.105843260857403	2.271563693917493
3.2408425338462896	2.019628622185368	-7.16313015104235	.7141513754687395	-4.169318636267112
1.6760848662039265	-7.615300944943321	-.8701629587056443	-8.141161415262793	3.690795314580882
2.909875906897483	1.6607562866665457	-5.878824188579438	-3.5341839315684145	-6.1022532857508605
10.653843632126772	-2.187341220703683	2.5354568760523852	2.5034270414559034	1.6059313305860783
-2.846887480726882	2.243726698192435	2.5727719832214135	-1.531636268692379	.4684206602521669
-10.125015644831363	-8.06672013392471	1.7984315317394777	-.8157726411248765	-3.5461645399663104
.8584352705866631	-3.293601429051018	1.4140271871544368	-4.9443703093681	4.579375200237061
-.5241900246144078	-2.305528091651574	1.9233550706149587	-6.545041365451364	6.650601322529223
-1.2264331356735647	-2.588550451762816	1.9508040148263732	-2.488294313968499	1.5912595205968016
-1.5810585555839491	2.5815944094296617	.9404422490251978	2.8343046416664364	1.531651859385788
-7.324595110052857	-1.0317642876011108	-.13431777436571224	-2.0110639502011685	-4.926133463946641
-4.116278098605302	2.653324416013697	3.519438581543071	-.2835373558611834	1.5284428069715024
-1.0290169197944719	-1.5384749406545226	6.475161953007427	8.728237327663123	1.572335928184095
-3.2490693636711203	1.1121806601538178	2.1475197363754903	-3.753816003202158	4.494166183598823
-8.647161264273056	3.867599311117127	-6.025225156841945	-1.514506868213322	-9.212714314431352
-3.057901159891798	2.375601518927889	3.2195937138944557	-1.1020309233143055	-2.891695335638179
-7.948445295155834	-10.345225458224231	-2.246207268563152	-1.0357965347009248	-6.551173221548991
-3.0027455705814625	1.1053161506622837	3.1859920047378782	.17899197722776988	-.0968739233266398
-8.714603287408295	2.7976999622042076	-3.66627020406393	-3.0843247264900957	-3.933527514437175
-1.0531999558310865	1.0458755383241	-6.266365262874598	1.902621148590946	-6.927287981150133
12.32925255123803	-3.083371229526778	-2.691837430911573	1.8648911004943125	1.2520476990802285
-2.419274285398897	3.893073589634459	2.0019252770316127	-.03046900931871141	-1.3596972521383983
-3.5651407145207474	5.627689465457045	2.1395676251525937	9.248822878088939	.420735813286516
3.82485960854409	1.9806859227348521	-7.460602122799967	-2.480694562445121	-6.970418153454387
-1.4507482892613774	-.041448344266043824	2.848577536548102	4.232020357811743	-1.226180153884506
.13930358379638885	-4.993670998164503	1.4221645585996545	7.892396111689916	2.436030776103385
-2.7193387334491783	2.509420207181854	3.2419655252676822	-.12016134593836661	2.1946706397893565
-9.402275672663288	8.564587950009154	-7.486202417510107	-5.284163875855457	-3.371961432864602
-4.215766138493084	4.371618932911671	1.1226186625861099	5.456476225033552	8.007642843715013
1.3849630162414734	4.474762434776705	3.9182611301262935	-9.531859572068978	-2.3078489267058635
.13179372071000484	6.219907157506899	3.549320327294072	5.5741234019806125	9.587743571588852
1.27796694740994	2.2413885699253466	3.288275777072859	-7.866184153878364	-1.491072040798309
1.6413638262781565	-3.7696476173212323	.8760481211745199	-8.92556313062563	4.832375544991068
5.726079922684335	1.0246568066690427	-6.528010179383272	-7.356991794136489	-5.592408634893188
11.707817395504614	-2.8077159801521123	.37055197087503083	.2795959204380425	.402825518515252
.3925571038571356	14.024256694562645	2.6126387976878975	3.449619062069828	.05048492207105593
1.9596027115870718	.780740724541197	.05537318499890809	-7.575038326802717	.6411808190513866
2.245499815885786	-1.9842089260572937	1.2168170533523823	10.131127636907323	2.2397667121507765
-1.8464912725113778	1.096507090505574	1.2525159702860345	-.37190278703413865	-3.3920246579851803
-.18330084070528407	-1.7232018169357382	-3.4741859827636588	-.6332182548363163	-3.0343307238794193
1.4896468042735553	4.53343172537547	4.440925709238526	3.7502824939156096	-18.780848932160115
.8167540939999108	2.8538069811965308	4.649788599396139	-8.918457675831727	2.014623360740986
-1.6772977352673935	-1.0557915372971456	4.705446032550129	3.9699630468588376	7.180805015440459
1.662001685644087	4.053482253944243	4.953512237895637	-9.215741414151683	-2.749938384533751
-.22235168930270954	-2.807212273318928	-1.955437285669574	-9.296718466354529	5.073915308462928
6.880697865743203	7.8612926199276325	-6.695771140731045	-4.362218520453791	-5.5948549704840485
6.900442772743199	-4.326736731366027	-.05889970262103769	-.6389269702630955	.515341707644623
-1.6453373363054604	2.733045226027439	3.4311334899832757	3.4161547960969516	1.3335388278323375
-.15672396975933478	-2.2884920147855508	2.8216344354076814	16.23679549972728	.9594558620628353
-1.6227132890497362	1.661739003274456	1.7964818462841203	-.7375234125468344	.4820316151322958
.7701396392448562	-.9219105912799292	4.110277450372488	2.6998345639103603	3.1389924950041257
-2.1662444664501703	5.473809133003263	3.8000864000763688	1.0195787853174716	4.975451690667282
-1.7185917658397538	-4.301529636437321	1.7270106492453121	3.237221533790116	-2.025773378944952
-2.4899108441719955	.45188692643831274	3.228696380136731	1.9287525202533753	2.4938968323342916
-7.635548243441633	-12.063386510063195	-2.392304111470832	-2.9239969840019326	-3.952471888411375
3.963342367000542	.052233256668501316	-7.640444923808743	-4.35341501025036	-4.549426927741797
1.6900712979259784	-.4525358889298694	.5764082399603012	-7.300386518146158	3.9933934785422385
2.1168354182028746	-3.5992164422779513	-.8758079856430685	-7.138668613312626	5.204254835802116
1.927045880009651	7.306458033033275	-6.815543839584115	-4.305714296873303	-3.7595102735843735
3.540005143405666	-2.2177701155507816	-1.499851189818523	-4.463370044591034	4.381297125411986
3.205607090978116	2.6365290317785175	-5.790951884947418	-.48975087472934936	-7.226419808978532
.8763896640360598	.9934087950482362	-6.529774591286234	-1.0335326469726982	-5.456068449483635
-13.770150209720825	9.712891161258463	.15798619744232933	-2.056855469562158	-2.32487478490332
-3.724938855274559	1.9106199453688748	1.0694893761324091	10.113649760877692	.6633870167805727
.5715956515509971	6.906773606733799	4.142373391784975	-8.259777471632356	-1.139199281766003
-.11571787306421855	-2.3415323737739233	.027994844097529753	-7.649519969526211	2.7638161541638917
-.5224180893853672	4.457588405073604	-2.4774253269760975	-3.6177215744446554	-5.789501533482257
-2.925204258135752	-2.549020729152737	1.675042469757316	1.9906158261055404	3.0856044961412197
-.8152990487073858	-1.8140314062999732	1.953894708685335	-3.6547357905933326	2.888932859344307
.18364793331695406	3.553293534062592	4.70150683336505	-8.570437821871748	-2.4825882079043406
-1.0900686601045821	-1.1879499150343205	-1.9931835049491085	7.0330741524467975	5.7359293626165835
2.3334473168397394	5.06012242852403	3.0482837489284638	-8.620492725774163	-3.466076692968813
-2.237762131674772	-3.7818149005217547	4.794965699595904	7.210990616955341	1.1730242081199873
.8235412492708127	.13303123846447207	4.120364624594355	-9.738092883021068	-1.571047142345216
3.073331853064773	-1.788555986110506	.4959803901670303	-8.342676930921357	2.3690618873253753
5.9759406265509885	5.881082208648676	-6.802911698809436	5.963200524681813	-5.224622492974609
5.432341748578835	-3.118891939061396	4.641979359574159	1.727267550119664	1.3406244844430408
-4.367343189173333	.42127814366512895	3.3024827430737815	-3.91139206950846	.25400675197003514
-1.4796226472954308	.2144423341884032	2.121306252717339	8.429859599279427	2.306800635305779
-1.5682185139704847	1.3514645742259999	1.9586125314493177	.5491264965223395	-1.1587694668291864
2.2238853246984998	-3.3158604095602344	3.5982408511702206	8.225099908130886	7.411187946983332
3.231535604746578	4.451578142363428	4.057313367969975	-10.496611575789878	-.549218663746252
-10.964329163336478	-.45893582188435955	-1.1216490317761987	-.09792348915882565	-.48731126788324186
4.055053791204518	-2.136201691811009	.014785469442690463	-8.671483118767501	2.0842623095631785
-.2970593529091716	-6.382940441056606	-4.198651785563991	-2.509030704761275	-7.561070471455707
-2.6438544147460576	.9358437060342271	3.6436348601925688	-7.217813093162727	2.098128448583583
-.3801945746308729	-.5690739619557925	4.173957740980846	6.895762364933608	.7474710423838105
1.5732478903350733	-3.6170225338620527	-1.7016448599873863	-8.89177872922838	9.40640612429565
-3.0551267973618095	.2018550818751712	-6.563452633908705	-2.717851991055702	-6.148845226765184
13.322186441502584	-2.387915412832026	-3.1991286718732024	3.941862697375173	3.1127275610195135
-.395594738301571	-8.034718275584536	6.8316282259202215	-.2252965207081381	13.541526398971111
5.178446430722983	-4.2741761021816025	-.08386743167010308	3.3876906503465833	1.7369152614894203
2.3463222350115935	2.2029680578819635	-3.2653577303431502	-.7231944569944078	-3.121523236242757
-2.807036711654415	1.5451984974128699	3.100663149531457	-3.4033908484959645	1.796880363663113
-3.5532382109567475	2.327449224009831	3.541759217379599	2.3936950841715348	.31198716999541426
-.9721606049001904	-1.9661861686671402	2.9612654186352794	-.7623691670924915	1.467366057563015
-2.100499491033628	-2.15279052459508	3.792095268442642	-.9731344675356253	-1.0210732774947362
-3.175585912616526	-2.1874997533954614	2.012934208397371	21.60249719187615	-2.9236595451755
-2.7230692062031108	2.2260117587831716	2.1736229488782293	-.6560474270091783	.6895670705377125
-9.139154127141886	-7.555859840757724	-2.2111338578274853	.6251517621352969	-4.6731384424777955
-.2770103613142487	1.9115118795812276	-6.106164947415417	-2.30002359983898	-4.482180227151075
3.7548001271238487	-3.02936910866182	-.7615796548300855	1.338978651322697	-1.5249683846170452
-5.832440417228541	1.4855234245104478	-.2754063480735504	3.3918090225369593	6.698898581048423
.3681157167365092	5.362405789988521	3.337952920487981	-7.603972625954044	-1.5299081915269244
-2.8320669067720297	-3.959023088524267	4.215692284799341	.11930774690246793	-.09389402615171649
-2.742627388112096	.8927944677752768	3.9052321134394252	-.7881004349048718	1.5543370065209687
-.9289335666889054	-1.6642924278759335	4.117815319865766	11.289540865205835	2.097149450245335
-3.50858891201399	1.3286257136265052	-.8211224584947936	-1.5064537083574676	-1.3882753470122562
.38297807761359903	-2.583478746401541	3.29080443710146	2.823318286281676	3.2827633105155556
-2.7855663444718766	3.0540695913504288	1.199423337616962	-.24853759271445147	1.9312233368522553
.36818394109529473	-5.773478856523743	2.5804441296290244	-3.3728580789675897	-.7660227764874561
-2.376746896720589	.16344468468698548	1.0553241094185786	.8973378001337369	4.460247754207989
1.1008603656967229	-3.111840235606641	.3230422299369352	-5.273489042805979	8.483977532070103
-.865881221837614	.17486889351876567	-6.631059979531734	-2.3248423514900813	-6.227697195097752
10.928398791841593	-4.064156437559138	3.1922013699830605	3.1094704318295054	-.019532763235864725
-1.5540443137673199	3.870749317470252	4.184442694039623	-2.6066264179025143	-.29201437077088954
1.3820847347679945	6.368410376236961	2.639216641109594	-8.21672240773504	-2.4709967818581573
-5.69053633280413	1.422727983740179	.6078523917701186	2.0570596342133745	9.451956497473166
.08921212859625549	2.6896549334408615	1.2271580585278101	-8.418888633312626	-.16056466653396906
-1.0257823790596685	-.17792262384172064	-.006276079664484596	-1.547120132398084	8.842926436064731
1.853342672765927	3.8459242707263357	3.183481877185248	-9.282891563069985	-2.8974611940355457
2.170969439513424	-1.9057093720471432	-2.1298181995799617	-7.963370274976456	3.6535198343743582
-1.4406441111351964	-.45993812572778214	.6508448763595015	2.1827429810266534	12.707632277378853
1.7530568918398686	3.997000415612924	3.037428121743895	-8.332030632902304	-.9005216761472931
-1.611771972415703	-2.3258218834352458	2.1305629285225507	9.34290361729147	2.4009844084863667
-3.1418720554134385	.10359411077499248	1.863278384801442	-3.7331394192805383	.2442833853265303
3.700068615561769	-.6390656379523354	.8224688425387117	7.374350197146911	2.659309335485964
1.3920998195586223	1.624910465445455	3.525811888405807	-11.447409681679641	-2.3980248568599523
.5795100959554559	-1.6117976240366971	-.24283084299311453	2.6630127515012485	1.6817682041819015
-1.636816367651339	-1.094619993798396	4.670317333655104	-3.169528621281949	-.2115787620909484
-2.2332740914521585	-4.771112876828578	2.001866366877564	.5770513228265255	5.054968355518193
2.6716888467627053	3.691121882672274	2.227820370737552	-9.149476701823893	.057926180280562845
.9797336431539836	-4.502426932126964	3.5792914411449446	8.489623134200711	-3.8078488566124813
-4.27367564490316	2.6354809742300427	2.7190973210449387	5.418186967761681	1.0536115814225915
1.61207884884281	7.930299051940878	3.3344431392438523	-7.132298761663324	-2.3043077907534064
.7645531043345927	-1.4141787605362417	1.3103016079450236	7.832897843821591	-.6348759097839252
-.33653800262187716	3.515717357757556	1.4817572888487676	-8.430174284517003	-2.7912511280093715
-.5368542166122596	3.5410837550695065	-.05919934260347123	4.3901039775736965	10.380598743662787
2.3436755080128373	-.6064293803071781	1.4547324921367342	-5.966922012560487	.28611578851297015
-1.6056750347953461	-1.8425603383471887	3.4029220916354657	4.835752382994493	-2.450899683804601
-3.349179661532185	.28342002671401345	2.640637780877684	.2435390141156656	1.0286382373698426
-1.863810971484889	-1.290663961292853	3.3044392342835995	-2.7396457958877285	-.03669294849386784
-1.7630395100914849	.7096421317434269	3.2638983581664482	-.6784951114240023	-.12927900546843368
.2717308609721288	-2.009947725227267	.7090497328740255	16.11109207376997	-1.0800560226902265
-2.698166339615025	2.199129710425575	2.408006270556819	.25613714994291636	-2.226329115975787
-1.7293380885708936	-2.8415887217661755	-.10126170335225515	-2.36378595184563	2.615849950574013
-.45084649513620695	-2.319079401077937	1.1779279295560976	7.6366312748889325	-1.1666317703577382
3.1697804294500114	5.433520197905234	2.7388099674078816	-9.386035901335068	-2.840090631823375
.5051196930952753	13.605657705647083	2.3860588238299507	3.4222549851996744	-8.720285044564552
.9010014719319698	.2765246083748183	3.867810544437493	-8.194207839361148	-.9666655707224823
.9289992851206544	-2.158865117234471	1.143293517051924	5.554203014004767	1.8033391676860284
2.8422763822406267	3.168552274765638	1.290577977629576	-9.002128773875869	1.1330839580108025
-1.8012287340652242	-2.119527605549393	4.233821019241555	5.18342698791394	2.3051420387873844
-2.462010564146629	2.015355113682614	2.5958434612550496	-2.5329777630177923	-1.2148503835444624
-1.4842235186602046	-1.0618013825921475	4.487658451308594	-.7687691957735554	.6040393158623727
.524594184180285	.7492335665363461	4.661740690038005	-7.050361511176319	-1.1528830117378635
1.2928600187920105	-2.9857022634945256	.517182578112388	-7.502439486142999	9.34236077011736
2.308822850997737	-.16341407745153513	-4.860465361316515	-3.521464370896058	2.2330108636785186
-3.2199257064568316	-.616578520498013	2.3962023451869365	.14565865195886646	.6576723437558688
.33396508422697324	1.5332027730356845	3.7780514576012516	9.335981000359464	.25850430266510105
-3.310255462045506	1.1234645691616691	2.3397077458055127	-1.6000285826921088	.1922873868735279
-1.7597612335921744	-.8352107003983515	4.727663956880665	-4.045908727657893	2.8229407527899575
-2.764329073145171	1.3645709043529823	1.452561636748178	-.14021918411406942	-1.6687076881918668
2.824365918352696	-4.114657277706447	4.127651214501254	5.435185638482434	5.160665864463951
-1.0551973307994824	2.6092242310337443	3.337944624114282	2.1260724483733124	1.4629513494718973
-9.629383627820985	-17.64742468780336	-3.0362101698194537	-2.460406499159404	-4.008778061140818
-1.204728897867363	2.7663233929184075	-5.4258136150640555	2.0808901038148697	-6.70293430779932
-8.42589861262556	-18.28774717423497	-5.34326335190905	-4.970196112968608	-4.144902112942107
-.8632498288334778	-23.98607157281025	6.248487340195322	4.746987939121373	-7.519735249881864
9.790289279878882	-2.493278181053137	2.6856146492590804	.3016411275533528	.48859242346856685
-.027992503206155428	4.568477925215664	-6.792921508297573	-.5376034875119233	-3.826166056662168
.03521077907540748	-2.8448213240766664	-.112476363360902	-9.730771553776716	5.269075804226597
1.1294930884036796	1.8008401025603582	-3.7460768714059207	-.6376809828905832	-8.898083276562291
-3.633093184035733	-1.974846714912788	.173048291202391	1.0281043393260103	7.1541589610511505
2.3875882178663765	3.1928354765724825	4.147459756865269	-7.6827070582214425	-3.769213971715671
-3.589899108139436	-2.8223795358618142	6.55284983371298	16.905950663083225	2.096544008316239
-2.7241136820445524	2.1913848725062284	4.005857706384603	-1.6035701167827028	-2.144800233208411
-1.4509448939344147	3.226380446552816	1.2522487319628406	7.171275899888785	.7326542765305524
-2.655018099024834	1.0408848522344982	1.6846625022011787	-1.8843874658479658	1.6638929471951833
-.8188885978050644	-3.434499740602897	2.3645564721658	.960866508321021	2.7360121051736117
-2.413244039301622	1.3620147958108317	3.9276993244209093	.3812896091668857	.39547536752034174
2.67983171522474	-5.060907267570782	2.278547764515086	-7.003943227659408	5.579685002147412
1.1794779019364703	7.675649906472405	8.132176516256237	5.045651509265484	-6.372215351495099
2.8846040562360846	5.1792298921079585	6.235619365620096	-9.30606475484862	-2.500664925094812
-4.77533354476493	4.979429158160054	.873812852780474	-2.6291807129886267	9.622642737334061
5.07597098520432	-.6325770129169541	-5.029611927484659	-2.4896526774400147	-1.824941175474548
-7.079433148936216	-17.953548207747154	-4.3757600138333546	-1.59164104887894	-4.994549231594452
-1.6135220531304857	-.8404359607924816	2.4587216764515443	-2.4440035121850996	.3874220913137615
-1.8379513139822612	-3.0037995108858837	2.0371212404100207	3.2582695909431347	-1.7978517727715246
3.84746192643426	1.6984454028715352	-5.430758686019867	1.0936923613778022	-.4854237341067029
-2.3439242981690516	-.7452971520254936	2.253184716904872	.9622535614291785	-.481320863879236
-.8240497273417952	-2.4104816666300537	5.809297128465387	-.8169721761976501	3.4933877923808123
-2.557462282143225	3.676547426587944	3.360070588397113	-1.8608221538611778	-.1668555811822366
-1.4353139599917464	3.3766401705058913	3.1878232354382767	3.155750191439716	-.2837708465576636
-.5258035838757925	-1.9273227211167934	-.39388660772574413	10.012152818008465	.4174502770267703
-1.1331864521829145	.20133073163997328	3.303545371098111	-.7941586983949329	1.7761279871032212
-9.343901436093581	4.080725048691468	-.1824868187275226	.5140740803772874	.1580263618796014
-2.6492388660435178	3.787364148573933	2.930509396482927	-1.7652421784066157	-.21048259639809042
2.376527666743383	3.2836432410614105	1.0587187963198867	-8.498417839965805	-.6554553054610367
1.1212490101773105	-.9932319726046615	-1.4825576065112995	-7.275637203523599	5.965951943028447
.7899070245837359	3.4421270536570736	-3.763994196046726	.5639279395976217	-2.62416404303344
-3.5572375236708877	3.614734927742094	2.8435377058205953	1.1963401845233141	-3.6039945729749077
2.296075214487172	4.031931715069361	4.801916950995415	-6.553621156046471	.6418076247496591
-1.6172526172829036	-2.0908009740040545	4.533441193271798	7.37319911618331	2.5307651809322866
-2.348116093469117	1.4307063252099326	2.807994927218761	1.868461367479982	1.2296745677285617
1.8614480564077875	-.5639401620039306	-.5459087698330451	3.81987489098101	.3323088749157388
-2.614728645308799	-.9045958193383778	2.241198993273391	.3117073344824235	2.0147382673796157
-7.723926574752833	-3.028243423183385	-4.813634366711673	-.5497554602600272	-3.822902428123723
.5985031238916118	-2.0801352281272925	7.576683048634375	3.621866169501639	9.367426940900074
2.895214951152111	2.1141875595121498	3.7980433218800815	-8.484507596578764	-1.289705560850217
1.0885010005096865	7.122171232504486	.7302348503905458	-8.182146008786326	-2.2530132235542233
2.519421156271824	-6.560514062958397	-.8217500098861859	-3.930415059759975	4.68827504605322
1.3059544737602073	.5439061636268394	-2.3822943220320263	-3.38076138239123	-2.6348872796511738
2.2078452252640446	-.6140460221913937	-.7991167365055712	-6.457395722243649	8.098540817443121
4.764525005543893	2.787363516021999	-7.633078790974605	4.033857742631442	-5.142887950594612
10.728486923175327	-2.1348721449943957	-1.5607083237271775	3.8729500662288636	1.5405462917122155
5.307041277897765	-.30775942450749705	-6.2108736771019695	-1.6333141800873192	-5.2968132514989055
12.18143287462825	-3.4133496246879536	-1.6356054674292	2.189754947821041	4.458066191014884
-1.332634332227638	.18658392988687522	-9.867620525865522	6.56057537572025	-5.247693434742218
2.3315777897228287	-1.3422977003880638	-1.0199569826706005	-8.115512255999583	.25575648777974624
3.899217617201912	-3.5294700613416046	-.9446158796973437	-5.477100003796584	2.428378623965414
2.6280035879129713	-1.4287651796603897	-1.609547901596757	-6.7448170426428256	-2.2514896446646127
.06929727539552366	-5.194181433411394	-.7915515734042816	-4.29484938880423	1.3557035354684475
3.639054242595649	.8716732229487003	-3.475607266619059	-3.798550563574437	-2.999822093078432
-8.892460272580626	-5.2533546218166105	-.3760584192808758	-2.0098886503308715	-1.7253826977092528
2.860001245655849	-25.6365954142422	5.780968787510154	3.158928031440106	5.2268790452552345
1.6379242708031851	4.7803219199687295	2.0331475067918743	-9.004650130018781	-2.0277051477985313
-.5434894134275853	-1.107932724048137	1.552026367200213	15.580598141825213	1.9792287464274643
-2.203080662257043	2.4867157569048346	2.630878889274888	-1.533548583949551	2.233865607236665
-7.016313467434569	-11.124144415465391	-4.447873096781457	-2.2311107104143204	-6.7861105056352535
1.9731360227964752	7.12491860753271	-7.2339149102601255	2.5253980816845414	-3.9703992322242896
.7603408264419412	-1.31531041844827	-1.7989292478963017	-9.209886478699191	3.7403963831067757
.24229678741095662	1.921650939288181	-7.687640472942922	-8.282410249644883	-6.246925316950624
-8.521747297366913	-10.534941412449049	-2.1714834345480494	-4.217415008487727	-4.394707940928576
-.11629526068023432	5.031790065274631	-6.963403330171735	2.204608999588135	-3.9296024204273516
1.7840416583574652	1.147473647306621	-.6770161138245935	-6.586925805685574	4.558350116699037
1.6452789300402684	-2.916064070942085	-.562963229586145	-6.072747579354505	4.345212311513264
-.1932685242183556	-.8016851566781344	-2.744403754637354	-.5094710584922644	-3.4544153230674324
-3.452603553215819	1.0488550068196554	3.53785398560348	-1.2331218380611877	2.335280863956833
4.2864989236645705	3.6896522505079985	1.7445182097897183	-8.562090407783286	-.6973421455234631
-.4201962411252733	-2.7922681587808165	-1.523210844278196	-6.625152498400034	7.299821005177806
.5435679402928918	-4.107381820439908	.46104201720594373	4.747696194183746	4.21847191848938
-2.4429133566471877	2.938321546005902	2.3598089420151958	.9712320394476635	-.05669566802972931
-11.794774916557067	-2.0426487283098753	-5.172657339122683	-2.4593731300362314	-4.816512711548677
-5.343888943682217	4.398462233646008	-10.393181920311859	-6.081888531508193	-3.693181775598527
6.645675767960801	-1.8816956683278547	-5.249190175782522	2.893173349647191	1.3436915388049644
6.6174118567042735	-3.8901442579119863	-.03857147621893575	2.1573939730671956	3.238627917389522
-1.5118901298998688	.7548153975230469	-7.600475592020809	-2.6754375669445927	-8.158095311229904
2.3657291559099307	-.9059507948161869	-1.712639853130313	-7.472804221357995	12.531634217902448
4.3721014412254835	1.2086720551037868	-6.752783621784116	3.5893098393818113	-6.5769225721302025
10.391407448453064	-2.0637573471450583	-.36434059455157936	-.8908809637366655	.4454186648268929
-3.3501780555592933	3.941154910776168	1.6993773543607664	-9.658567059653024	6.7074055349728265
4.5824102531162305	6.180852031971662	3.6285166156068707	-8.268692212452992	-.7726520258908193
3.1484889050958347	-1.5609971087595658	2.415417313443803	6.684946040948389	1.7344084061008174
-1.455482048481812	2.434877306533001	3.619860275352905	-4.411151187885096	1.3793566910910071
-.9018703419137196	-3.946562098918399	1.0275332614298496	-4.16678041687127	.39483617138975
-2.58379689348281	2.151466313167208	4.450642860125936	-1.1124874286688473	-2.9558777989913496
2.512542004279937	-1.7332022448788234	-6.174623249175361	-3.175630968218268	-6.253944503523748
-2.148331001099357	2.2331598454194155	2.424054315429928	-2.303925293206452	1.5082800597838422
-.2769970443959882	-2.648568012025343	4.922697552789289	2.3812708205442217	-1.8360363221103504
.32853485928656667	4.29993230301975	1.5270739666891326	-7.230305345467036	-3.764874584807929
-6.197452266409162	-.20745014385353344	1.0437925552903806	3.4575842001182764	3.3461585874028477
2.219788857459885	4.081870191470847	3.421398604456371	-8.294362986593036	-2.8960220552619633
1.1087274759148609	3.6144763059079117	-2.866501538138774	-4.151327465253733	2.8795981211574446
.9352157838685732	4.270081468375439	3.035632866898675	-9.598719320254142	-.8614928163984833
-1.6073788585050366	1.3938031719340156	-5.594289166540763	-.1409336268881347	-3.2763838658652533
2.6131054956739526	-5.893713832202396	-.32661120261507604	-6.7671324150079295	7.295292894404744
.08250238818278399	-.9637182313956028	-5.013329294632186	2.0541293980575284	-3.117952861010551
1.6970933314657477	-5.149024841433331	1.4192231527387842	-6.159544308064296	1.3835368961855954
1.2903840300548257	4.341150169272846	-6.557510382813126	-6.256709009025631	-2.290231450277882
-.6598287761142851	-2.0571396797812627	-7.066783237155296	4.001120915453252	-5.016300254897062
2.9115853869414865	-4.421496368655172	-.1680873606920788	1.087929159853049	1.9521255807009532
-.5735780867557079	3.314014793241705	-3.772353171590064	-.13363349592271367	8.998381565770545
11.342971741924334	-3.2838575379604573	-.6502694056852415	3.169688262291829	-2.5922683212042177
2.8577147113806274	-.27614099499871214	-5.465384600964945	-3.0258469950211038	2.8839966299088236
1.0900482047603548	.14659601867973127	5.8551458328194395	-7.717216374130528	-1.9755663715137683
1.4942457249603898	.23175916447853506	2.860791131010304	-2.9828990981028713	-2.7038120437912445
-2.519903977970762	.13988070634749694	3.0546482179277095	-2.623241658608167	2.3091770935429246
-6.963382505167672	1.0427356806584456	.2492393025390074	-3.848919310547921	-2.74579273799657
-2.3227481272969768	1.4872661242783691	3.672286980840958	.09526478899615198	1.1007512666122248
-11.617826534741003	-28.324932262322967	.005395456037074364	-3.8136354117349125	-4.08082166816474
-3.5350170290144423	2.283639777068556	4.395725176417315	-.7983093704159183	2.7141889721352648
-.6464830888017388	-.8503871536697416	5.141507251982484	.4269339959414866	-2.8697652968865475
-3.254867369982093	1.5327861713847757	4.025619337087133	-2.0083734876470265	-.8546762953330285
.5150488802502544	-3.3672669761137244	.29431166509251216	8.98935239210715	-3.276156696570978
-3.694978021301355	1.7318199354378934	1.8770674368940476	-.21105772224773603	.9301761755281951
-1.8578285619119375	1.2157726945922742	3.3155381432658135	-.4582247438371079	2.6527016251604225
.17243511682739632	-2.6658217972119784	-1.2981596575100038	-4.687985681612058	.7014419189783203
-1.90655080745465	.8996630456574826	3.0313264304422693	-2.290013488354396	1.059458964157457
1.4595135718969305	-3.1117865588961147	2.2606308404744455	-1.4662256976198398	-.22853426882299033
-2.51476378384428	.3946966517614927	3.240799350279513	-2.3404269312286394	-.7640597734059917
-.21444585094102178	-2.5003671923657813	-.7965569119959541	2.4306387675092984	1.5922681281276647
-.16561815895193122	2.6283367811606517	5.531050060967028	-8.099621856160377	-.45068732763631814
-1.0916065761919787	-.14792967900433474	.38767611464866025	6.5308645562364145	-5.843790670604345
-2.8059302642435116	-.7935074184855411	2.974191157005236	1.3193066080886116	1.3493144581787868
2.7804410424475225	-5.509235456227472	2.734662882010485	-.7434553890684761	.8549618901925066
1.8882684924818585	4.384218358385679	5.612871221307832	-7.83929780620485	-2.535616141993267
-5.14212650764954	5.332752941874569	-1.067314140853771	.2618238047016437	8.462273613857036
7.194335003420596	.5047800256256445	.5345624403896301	2.7383663649103474	.07406399828201538
-4.854377418913794	-.1722539601203259	1.217220642933451	-3.245427826039301	8.06672728313351
.985070689897479	2.443297324092772	2.5975773227324073	-8.827915059997455	-1.0844255499849083
.6519311062088023	-.48284190492828905	1.5796957172724078	5.405642734310313	3.079081710142832
1.4345780396737646	-.9626414872983138	3.6538092323578995	2.793230409893103	-1.0104343717089246
-1.8285142532791752	-.20621130899736673	3.1925677843338325	-.3944480706488121	-2.0211109071809075
-5.952411911731291	-14.464971687371941	-1.6031456818094187	-1.568059010492339	-5.224223999114393
8.432648368696656	1.3191336206901014	-5.040308024051305	6.562083262966077	-5.676384105487216
.9461624843840646	-2.2305388005648736	-.6465169184089165	-8.05825386230392	3.3696151121980993
-.02650687889726333	14.554321200911396	7.966962755906506	5.6675720304823205	17.43383848609816
1.5675105155745295	6.765596978980359	3.5030305237266925	-8.750159287311533	-3.4105415555504077
.23196431096440182	1.1308745673884384	2.273227244724363	1.8355865492247427	3.4322186283446814
-1.4776523433018198	1.9027108556135264	4.606449750732272	-3.309607178531937	-.9763100171969323
.0018499065974278694	-.38754088522193353	2.735778042970362	11.573251377081947	2.5531776181938843
-2.186197564781514	.7487835290026705	5.763580617616472	7.074350091433521	1.260347836465232
-1.0840086114481557	.9913840485927607	3.1821994342099353	.6220624672571871	.7969630358984199
-1.8375262849891612	-6.075502245931578	5.130788113772001	6.471324974722095	-.33671132036524276
-2.288501400075676	-.4300153179327346	3.179817629369041	-1.223142586171247	-.14768981609681586
